#aviones
1 3 799
2 2 593
3 3 738
4 1 216
5 2 655
6 1 206
7 3 719
#vuelos
1 1 4 4
2 17 85 3
3 20 99 4
4 4 18 1
5 7 34 7
6 19 94 8
7 15 74 6
#equipajes
1 4 1 0
2 3 3 0
3 2 7 0
4 3 1 1
5 2 8 1
6 3 4 1
7 1 3 1
8 4 5 0
9 1 7 1
10 1 1 1
11 3 8 0
12 2 5 1
13 2 4 0
14 4 5 1
15 4 3 0
16 2 6 1
17 1 3 0
18 4 6 0
19 2 1 0
20 3 8 1
21 2 5 0
22 1 4 0
23 1 3 1
24 2 4 1
25 1 3 0
26 4 8 1
27 4 7 0
28 3 1 1
29 1 7 0
30 1 6 1
31 2 2 1
32 3 8 0
33 4 6 1
34 2 2 0
35 4 2 1
36 2 7 1
37 3 4 1
38 3 6 0
39 1 2 0
40 4 6 0
41 4 5 1
42 2 2 0
43 4 1 0
44 4 3 0
45 2 4 0
46 4 4 0
47 4 5 0
48 4 5 1
49 1 7 1
50 3 2 1
51 3 2 1
52 1 2 0
53 1 3 0
54 4 8 0
55 2 8 1
56 3 8 1
57 3 2 1
58 3 8 1
59 3 3 1
60 3 8 0
61 2 6 1
62 4 7 1
63 1 1 1
64 2 6 1
65 4 8 0
66 4 1 1
67 1 4 1
68 1 4 1
69 4 6 0
70 3 1 1
71 2 2 1
72 2 4 0
73 4 1 1
74 1 3 1
75 3 4 0
76 4 5 0
77 4 8 1
78 1 3 0
79 3 7 0
80 4 1 0
81 4 2 1
82 2 7 1
83 2 1 0
84 4 2 1
85 2 2 1
86 2 6 0
87 4 5 0
88 3 2 0
89 2 8 0
90 4 1 0
91 3 3 0
92 4 3 1
93 1 8 1
94 1 1 1
95 4 5 0
96 1 8 0
97 2 4 0
98 3 3 0
99 1 5 0
100 4 7 0
101 1 3 0
102 4 2 0
103 1 8 1
104 2 4 0
105 3 4 1
106 2 2 1
107 4 6 0
108 1 3 1
109 3 7 1
110 1 4 0
111 2 4 1
112 3 2 0
113 1 5 1
114 3 5 1
115 1 2 0
116 1 5 0
117 3 4 0
118 4 3 0
119 1 7 1
120 4 6 1
121 1 7 1
122 4 3 0
123 4 5 0
124 4 1 0
125 3 8 1
126 4 5 0
127 3 5 0
128 2 3 1
129 4 7 1
130 4 8 1
131 2 5 0
132 1 6 1
133 3 4 1
134 4 7 0
135 2 5 1
136 3 1 1
137 3 3 0
138 3 3 1
139 1 5 0
140 4 5 1
141 1 2 1
142 4 3 0
143 3 1 1
144 3 6 0
145 3 3 1
146 3 5 0
147 1 3 0
148 1 8 0
149 4 4 0
150 4 8 1
151 2 2 1
152 4 8 1
153 2 6 0
154 4 2 1
155 1 5 0
156 3 5 0
157 1 8 1
158 3 3 1
159 2 4 1
160 4 6 0
161 2 4 0
162 3 7 0
163 4 1 0
164 3 3 0
165 4 7 1
166 3 4 0
167 4 8 0
168 4 1 0
169 3 1 1
170 4 8 1
171 1 1 1
172 3 3 1
173 3 6 0
174 3 2 0
175 3 7 0
176 1 6 0
177 2 3 1
178 4 7 0
179 2 6 1
180 1 6 1
181 1 7 0
182 4 5 1
183 4 1 0
184 1 3 0
185 3 7 0
186 3 6 0
187 3 6 0
188 3 2 0
189 1 5 1
190 3 6 0
191 1 2 1
192 1 4 0
193 4 2 1
194 3 3 1
195 1 1 0
196 4 1 0
197 4 6 0
198 2 5 0
199 2 8 0
200 1 1 0
201 1 8 0
202 4 1 1
203 2 7 0
204 4 3 0
205 3 1 0
206 2 2 0
207 4 7 0
208 2 2 0
209 4 1 0
210 4 4 1
211 3 6 1
212 3 2 0
213 3 1 1
214 2 4 0
215 2 3 1
216 1 6 1
217 3 1 1
218 4 6 0
219 4 1 0
220 4 8 1
221 4 8 0
222 3 5 0
223 2 7 1
224 2 5 1
225 2 5 0
226 4 3 0
227 3 6 0
228 4 5 0
229 1 7 0
230 3 6 0
231 2 3 0
232 3 2 0
233 2 7 1
234 2 7 0
235 3 1 1
236 4 6 1
237 1 1 1
238 1 5 0
239 2 7 0
240 3 8 1
241 1 4 0
242 3 2 1
243 2 5 0
244 3 4 0
245 3 8 0
246 1 8 1
247 4 6 1
248 4 1 1
249 3 3 1
250 3 3 0
251 2 1 0
252 4 1 0
253 3 2 1
254 1 7 1
255 1 2 0
256 1 6 1
257 3 2 0
258 4 6 1
259 3 5 1
260 2 4 1
261 4 4 0
262 3 4 1
263 4 2 0
264 4 8 0
265 1 4 1
266 3 8 0
267 3 3 0
268 1 6 1
269 2 6 1
270 1 4 0
271 3 5 0
272 4 1 0
273 3 5 1
274 4 4 0
275 4 8 1
276 4 1 0
277 4 8 0
278 2 5 1
279 3 3 0
280 1 6 0
281 4 8 1
282 1 7 1
283 2 2 0
284 4 6 1
285 2 7 1
286 1 3 1
287 2 8 1
288 1 4 1
289 4 2 1
290 1 7 1
291 3 4 0
292 2 7 1
293 2 3 0
294 1 4 0
295 2 4 0
296 1 6 0
297 3 1 0
298 3 7 0
299 1 7 1
300 2 6 1
301 1 5 1
302 3 7 0
303 2 6 0
304 3 1 1
305 3 6 0
306 1 1 1
307 4 6 1
308 4 7 0
309 3 7 0
310 1 7 1
311 2 5 0
312 4 6 0
313 3 2 1
314 3 7 0
315 1 7 1
316 4 2 1
317 4 5 0
318 1 6 0
319 2 3 0
320 2 2 0
321 4 1 0
322 2 4 1
323 2 2 1
324 4 1 1
325 1 5 0
326 1 6 1
327 4 6 0
328 1 3 0
329 1 5 0
330 3 3 0
331 4 5 1
332 1 1 0
333 3 4 1
334 3 6 0
335 2 5 0
336 4 7 1
337 2 2 0
338 1 8 0
339 1 8 0
340 1 8 1
341 3 4 0
342 4 8 0
343 4 1 1
344 1 4 1
345 1 1 1
346 3 7 1
347 2 5 0
348 3 2 1
349 2 3 0
350 2 4 1
351 3 4 1
352 2 8 1
353 2 8 1
354 2 3 0
355 1 5 0
356 4 5 0
357 3 8 1
358 4 5 0
359 4 8 1
360 4 4 0
361 1 4 1
362 2 3 1
363 2 8 1
364 1 6 1
365 1 4 0
366 1 4 0
367 3 6 0
368 1 1 0
369 3 3 0
370 3 7 1
371 2 8 0
372 1 8 0
373 2 8 1
374 1 3 0
375 3 4 1
376 4 6 0
377 3 6 1
378 1 8 1
379 2 6 1
380 1 5 0
381 1 5 0
382 3 4 0
383 3 3 1
384 3 8 0
385 4 8 1
386 3 5 0
387 2 5 0
388 1 4 1
389 3 7 0
390 3 1 0
391 3 6 0
392 2 1 0
393 1 4 1
394 3 4 0
395 3 3 1
396 3 7 1
397 3 8 0
398 4 5 0
399 1 4 1
400 2 3 1
401 4 3 1
402 1 6 1
403 4 7 0
404 3 8 0
405 1 3 1
406 2 8 1
407 1 1 1
408 2 7 0
409 4 2 1
410 2 7 0
411 3 5 1
412 3 3 1
413 3 5 1
414 2 1 0
415 2 6 1
416 2 3 0
417 2 3 0
418 1 4 1
419 4 8 1
420 3 8 1
421 3 4 0
422 3 8 0
423 4 5 1
424 1 7 1
425 2 6 0
426 3 4 1
427 4 2 1
428 1 4 1
429 3 6 1
430 1 4 0
431 3 7 0
432 3 1 1
433 3 8 0
434 1 3 0
435 2 4 1
436 4 8 0
437 2 6 0
438 3 4 1
439 1 5 0
440 3 8 1
441 3 1 1
442 1 2 1
443 4 1 0
444 4 6 0
445 2 3 1
446 3 5 0
447 3 3 1
448 1 1 1
449 2 5 1
450 4 2 1
451 4 4 1
452 1 7 0
453 3 4 0
454 3 8 1
455 3 7 1
456 2 4 0
457 4 1 1
458 4 3 1
459 4 8 1
460 1 6 0
461 4 5 0
462 2 2 1
463 1 4 0
464 4 2 1
465 4 1 1
466 1 3 1
467 3 8 0
468 2 7 1
469 2 5 0
470 1 3 1
471 2 6 1
472 3 5 1
473 1 6 0
474 2 2 0
475 2 4 1
476 2 4 0
477 2 4 1
478 3 6 1
479 4 4 0
480 2 5 0
481 4 2 0
482 1 3 0
483 2 4 0
484 1 7 1
485 3 2 0
486 3 8 0
487 4 5 1
488 3 4 1
489 1 5 0
490 2 2 1
491 2 4 1
492 4 6 1
493 3 1 0
494 2 8 0
495 1 7 0
496 4 6 1
497 2 6 1
498 1 2 1
499 3 6 1
500 3 6 0
501 1 8 0
502 2 7 0
503 1 1 1
504 3 8 1
505 3 4 0
506 3 4 0
507 3 2 0
508 1 1 1
509 3 8 1
510 3 5 0
511 4 7 1
512 1 4 1
513 3 4 0
514 2 7 0
515 1 5 0
516 2 8 1
517 1 7 0
518 1 5 0
519 4 7 1
520 3 4 0
521 4 1 1
522 1 1 0
523 2 8 1
524 4 4 0
525 1 8 1
526 2 5 1
527 4 6 0
528 2 1 0
529 4 4 0
530 2 1 0
531 3 6 0
532 4 8 1
533 3 5 1
534 1 6 1
535 1 2 1
536 1 6 1
537 1 2 0
538 2 7 1
539 3 5 1
540 3 6 0
541 2 5 0
542 2 1 0
543 2 2 0
544 2 2 0
545 4 4 0
546 2 5 0
547 3 8 0
548 4 1 1
549 1 1 1
550 2 2 0
551 2 7 0
552 4 3 1
553 1 7 1
554 3 7 1
555 2 8 1
556 2 3 0
557 4 4 1
558 1 4 1
559 1 6 1
560 3 3 0
561 1 3 1
562 1 7 1
563 1 8 0
564 2 3 1
565 4 3 0
566 2 8 0
567 2 8 1
568 4 3 1
569 4 7 1
570 4 5 0
571 4 5 0
572 1 2 1
573 3 7 1
574 4 5 1
575 4 7 0
576 4 4 0
577 3 3 0
578 2 2 0
579 3 6 0
580 3 4 0
581 1 1 1
582 4 6 1
583 2 7 1
584 1 8 1
585 4 3 0
586 1 4 0
587 2 5 0
588 1 2 1
589 3 6 1
590 3 3 1
591 3 7 1
592 1 3 0
593 1 2 0
594 3 8 0
595 4 1 0
596 3 2 1
597 4 6 0
598 2 6 1
599 3 6 1
600 3 4 1
601 4 2 0
602 4 3 1
603 1 1 1
604 4 2 0
605 2 5 1
606 2 5 1
607 4 2 1
608 3 1 1
609 3 3 1
610 4 2 0
611 4 8 1
612 1 7 1
613 2 7 1
614 4 1 1
615 2 2 0
616 2 8 1
617 4 6 1
618 2 4 1
619 2 2 1
620 3 2 0
621 1 8 0
622 3 6 1
623 4 7 1
624 1 2 1
625 3 2 1
626 3 2 1
627 4 2 1
628 3 2 1
629 2 1 1
630 3 6 0
631 4 5 1
632 2 8 1
633 2 6 0
634 4 5 1
635 2 7 0
636 1 5 1
637 2 5 0
638 4 8 0
639 2 7 1
640 2 4 0
641 3 6 0
642 2 6 1
643 4 3 1
644 2 3 1
645 3 6 0
646 1 5 1
647 4 1 1
648 3 7 1
649 4 8 1
650 4 2 1
651 4 8 0
652 1 6 0
653 4 8 0
654 1 3 0
655 2 6 0
656 2 7 1
657 1 3 1
658 3 2 0
659 2 5 1
660 2 3 1
661 2 8 0
662 2 2 0
663 4 7 0
664 3 4 1
665 3 4 0
666 3 5 0
667 4 8 0
668 4 8 0
669 4 7 0
670 3 1 1
671 3 1 1
672 4 3 0
673 1 7 0
674 4 6 1
675 2 6 0
676 1 3 1
677 4 2 0
678 2 7 0
679 3 7 0
680 2 6 1
681 2 6 1
682 4 5 0
683 1 1 0
684 2 3 1
685 4 3 1
686 1 8 0
687 3 4 0
688 4 6 0
689 4 6 0
690 4 7 1
691 4 1 0
692 2 8 0
693 1 3 0
694 2 4 1
695 4 1 1
696 1 8 0
697 2 5 1
698 1 3 1
699 4 8 0
700 4 7 0
701 3 4 1
702 3 2 0
703 4 3 0
704 4 5 0
705 2 6 1
706 1 2 0
707 1 6 0
708 4 7 1
709 4 8 0
710 1 3 1
711 3 6 0
712 1 6 0
713 4 1 1
714 1 8 1
715 1 5 1
716 1 1 1
717 2 2 1
718 1 7 0
719 1 1 0
720 3 3 0
721 2 3 1
722 2 8 1
723 4 6 0
724 2 3 1
725 3 4 0
726 2 7 1
727 3 2 1
728 4 4 0
729 3 1 0
730 2 8 1
731 4 2 0
732 3 2 1
733 4 3 0
734 3 3 0
735 2 6 0
736 1 7 0
737 3 8 1
738 1 8 0
739 4 4 1
740 1 4 0
741 2 2 0
742 2 4 1
743 4 8 0
744 4 4 0
745 1 2 0
746 2 7 1
747 1 1 0
748 2 6 0
749 1 2 0
750 3 4 0
751 3 8 1
752 1 8 1
753 1 2 1
754 2 4 0
755 2 2 1
756 1 6 1
757 4 8 0
758 2 7 0
759 3 5 1
760 4 5 0
761 4 2 1
762 4 3 1
763 4 1 1
764 1 6 1
765 2 1 1
766 1 1 0
767 3 5 1
768 1 3 1
769 3 7 0
770 4 8 0
771 3 8 1
772 1 4 0
773 3 4 1
774 2 2 1
775 4 1 1
776 4 7 0
777 4 5 1
778 1 1 0
779 1 2 0
780 1 8 1
781 2 4 1
782 3 2 1
783 2 7 0
784 3 7 0
785 3 8 0
786 1 5 0
787 3 1 1
788 3 5 0
789 1 2 1
790 4 1 0
791 1 8 0
792 4 4 1
793 3 6 1
794 1 5 0
795 2 3 1
796 2 8 0
797 3 2 0
798 1 7 0
799 4 1 1
800 1 4 1
801 3 5 1
802 4 7 1
803 1 1 0
804 4 8 0
805 2 3 0
806 1 4 0
807 1 2 0
808 4 1 0
809 2 5 1
810 4 6 1
811 4 4 0
812 1 5 1
813 4 7 1
814 4 3 0
815 1 8 0
816 2 6 1
817 1 6 1
818 4 1 0
819 3 3 0
820 2 7 1
821 4 1 1
822 4 7 0
823 1 1 1
824 3 2 0
825 1 4 1
826 2 4 1
827 1 4 0
828 2 8 1
829 2 3 0
830 3 8 1
831 3 7 1
832 3 8 1
833 2 4 0
834 3 7 0
835 4 1 1
836 3 1 1
837 1 8 1
838 3 8 0
839 3 5 0
840 1 7 0
841 4 4 0
842 2 5 0
843 1 6 1
844 2 4 0
845 4 7 0
846 4 7 0
847 2 4 1
848 4 3 1
849 3 8 1
850 4 7 1
851 2 5 0
852 3 5 1
853 1 6 1
854 3 8 0
855 2 4 0
856 1 6 1
857 1 2 0
858 2 4 0
859 4 7 0
860 3 3 0
861 3 8 0
862 1 6 0
863 1 4 1
864 4 5 0
865 3 8 1
866 4 3 0
867 2 1 0
868 1 6 1
869 2 1 0
870 1 8 0
871 2 1 1
872 2 7 1
873 2 5 1
874 2 2 0
875 4 7 0
876 4 8 0
877 3 7 0
878 3 2 1
879 2 5 0
880 1 8 0
881 1 3 1
882 2 8 1
883 1 2 1
884 1 6 1
885 4 4 0
886 3 7 1
887 3 5 1
888 1 6 0
889 1 5 1
890 3 4 1
891 3 3 0
892 2 2 1
893 1 5 0
894 2 2 0
895 4 4 1
896 3 4 1
897 1 7 0
898 3 8 0
899 4 1 0
900 1 4 0
901 4 7 1
902 1 8 1
903 1 5 1
904 2 1 0
905 2 8 0
906 2 4 1
907 2 8 1
908 3 6 0
909 3 6 0
910 1 2 1
911 1 3 0
912 3 6 0
913 2 5 1
914 3 2 0
915 3 6 1
916 1 7 1
917 2 1 1
918 3 4 0
919 4 7 1
920 2 7 0
921 4 7 0
922 1 3 0
923 1 5 1
924 1 5 1
925 2 6 0
926 2 8 1
927 4 4 1
928 2 5 0
929 4 8 1
930 2 2 0
931 3 1 1
932 2 5 0
933 3 7 1
934 1 7 0
935 2 1 1
936 2 5 1
937 3 5 1
938 2 6 0
939 3 6 0
940 1 1 0
941 2 2 1
942 2 6 1
943 4 5 1
944 1 7 0
945 1 4 0
946 4 3 0
947 2 8 0
948 1 3 0
949 2 8 0
950 4 5 0
951 4 1 0
952 3 4 1
953 4 8 1
954 1 5 1
955 1 2 1
956 2 4 0
957 4 5 1
958 3 8 1
959 2 4 1
960 1 6 1
961 4 2 0
962 1 5 1
963 4 3 1
964 3 4 0
965 3 1 0
966 3 6 0
967 4 6 1
968 1 1 1
969 2 6 1
970 3 8 0
971 2 8 0
972 2 7 1
973 3 3 0
974 2 1 0
975 3 6 1
976 2 3 0
977 1 4 0
978 3 8 0
979 2 4 1
980 1 3 0
981 1 5 0
982 4 7 0
983 1 1 1
984 2 2 1
985 2 5 1
986 1 3 0
987 2 6 1
988 1 5 1
989 4 7 1
990 4 6 0
991 4 3 1
992 4 1 0
993 2 3 1
994 4 3 0
995 3 2 1
996 1 6 0
997 3 8 1
998 4 8 1
999 2 4 1
1000 2 1 0
1001 2 1 1
1002 2 7 0
1003 1 4 0
1004 3 7 1
1005 2 5 0
1006 1 1 1
1007 1 6 1
1008 4 7 0
1009 3 4 0
1010 4 7 1
1011 3 7 0
1012 4 8 0
1013 1 4 1
1014 3 1 1
1015 1 3 1
1016 1 8 1
1017 3 5 0
1018 1 4 0
1019 3 6 1
1020 2 4 0
1021 2 8 0
1022 4 3 1
1023 1 8 0
1024 1 3 1
1025 4 2 1
1026 4 3 1
1027 3 6 1
1028 3 3 0
1029 2 4 0
1030 1 3 0
1031 1 1 1
1032 3 4 1
1033 3 6 0
1034 4 7 1
1035 3 2 1
1036 2 3 1
1037 4 7 1
1038 2 2 0
1039 4 1 1
1040 3 7 1
1041 4 4 1
1042 3 6 0
1043 4 7 1
1044 3 2 1
1045 1 7 0
1046 1 4 1
1047 3 8 0
1048 4 2 1
1049 2 1 1
1050 2 2 0
1051 3 3 1
1052 4 4 1
1053 1 1 1
1054 2 2 1
1055 3 8 0
1056 4 5 0
1057 1 7 0
1058 2 4 0
1059 2 5 1
1060 3 2 1
1061 1 4 0
1062 1 1 1
1063 4 4 0
1064 2 5 1
1065 2 3 1
1066 2 8 0
1067 1 8 0
1068 1 4 0
1069 3 8 0
1070 1 2 1
1071 2 3 0
1072 1 8 1
1073 3 5 1
1074 1 8 0
1075 3 7 0
1076 2 8 0
1077 2 8 1
1078 4 3 1
1079 3 2 0
1080 4 4 0
1081 3 4 1
1082 2 5 1
1083 3 6 0
1084 2 4 1
1085 2 7 0
1086 2 7 1
1087 1 2 0
1088 4 3 1
1089 4 1 1
1090 2 8 0
1091 4 8 0
1092 1 7 1
1093 4 7 1
1094 4 1 0
1095 1 8 1
1096 4 1 0
1097 3 2 1
1098 4 6 1
1099 4 7 1
1100 1 8 0
1101 3 5 0
1102 2 7 1
1103 3 6 0
1104 4 2 1
1105 4 3 1
1106 3 3 0
1107 2 4 0
1108 1 5 1
1109 3 4 0
1110 4 4 0
1111 1 7 0
1112 1 1 0
1113 3 8 1
1114 4 7 1
1115 4 4 0
1116 4 7 1
1117 1 7 0
1118 2 3 1
1119 4 3 1
1120 2 4 0
1121 2 6 0
1122 2 7 0
1123 1 8 0
1124 2 2 1
1125 1 7 1
1126 2 7 0
1127 3 6 0
1128 4 6 0
1129 4 6 0
1130 4 1 0
1131 2 5 0
1132 1 6 1
1133 1 4 1
1134 3 5 0
1135 1 3 0
1136 4 8 1
1137 4 8 0
1138 4 1 1
1139 3 5 0
1140 3 8 0
1141 1 4 0
1142 1 5 1
1143 4 5 1
1144 3 6 1
1145 3 6 0
1146 1 8 1
1147 3 8 1
1148 2 5 0
1149 1 6 1
1150 1 1 1
1151 3 6 1
1152 3 7 1
1153 3 8 0
1154 4 7 1
1155 2 3 0
1156 4 5 1
1157 1 5 1
1158 2 5 1
1159 4 8 0
1160 1 1 1
1161 1 4 1
1162 1 8 1
1163 1 6 0
1164 4 5 0
1165 4 1 1
1166 4 7 1
1167 4 8 1
1168 4 2 1
1169 2 2 1
1170 2 8 1
1171 2 2 0
1172 1 2 1
1173 1 5 0
1174 4 2 0
1175 3 7 1
1176 4 4 1
1177 1 3 1
1178 1 3 0
1179 1 4 0
1180 1 7 1
1181 3 8 0
1182 3 8 1
1183 1 6 1
1184 3 5 0
1185 2 1 1
1186 2 2 0
1187 4 5 1
1188 2 5 0
1189 3 5 0
1190 4 7 1
1191 3 7 1
1192 3 8 0
1193 1 8 0
1194 2 8 1
1195 4 8 1
1196 2 5 0
1197 4 3 0
1198 3 5 1
1199 3 5 0
1200 1 3 0
1201 2 4 1
1202 4 1 1
1203 4 7 0
1204 3 7 1
1205 2 6 1
1206 1 2 0
1207 3 4 1
1208 3 6 0
1209 1 2 0
1210 4 1 1
1211 2 6 1
1212 1 5 1
1213 1 5 1
1214 3 2 1
1215 2 5 1
1216 4 8 0
1217 2 2 0
1218 1 5 0
1219 1 2 0
1220 2 6 1
1221 4 3 0
1222 2 8 1
1223 3 8 0
1224 3 6 1
1225 4 3 1
1226 1 4 0
1227 2 8 0
1228 4 2 1
1229 3 3 0
1230 4 7 1
1231 2 5 0
1232 2 4 0
1233 3 4 1
1234 2 3 0
1235 3 2 1
1236 4 6 0
1237 4 7 0
1238 1 4 1
1239 3 4 0
1240 1 4 1
1241 3 2 0
1242 2 5 0
1243 1 3 1
1244 1 8 0
1245 2 4 0
1246 2 7 0
1247 3 1 1
1248 2 2 0
1249 1 2 0
1250 1 8 1
1251 2 5 1
1252 4 6 0
1253 3 8 1
1254 3 6 1
1255 2 2 0
1256 4 7 1
1257 3 6 0
1258 3 7 0
1259 1 6 0
1260 1 3 1
1261 4 7 0
1262 2 3 1
1263 1 3 1
1264 2 5 0
1265 4 3 0
1266 1 3 0
1267 4 5 0
1268 1 3 1
1269 3 8 1
1270 2 4 1
1271 2 4 0
1272 1 4 1
1273 3 6 1
1274 4 7 0
1275 4 2 0
1276 4 7 0
1277 3 2 1
1278 3 2 0
1279 2 4 1
1280 3 1 0
1281 1 8 0
1282 2 2 0
1283 3 1 1
1284 4 1 0
1285 4 3 0
1286 4 5 0
1287 3 7 0
1288 4 2 0
1289 3 1 0
1290 4 5 0
1291 2 1 0
1292 1 3 1
1293 3 8 1
1294 1 6 1
1295 2 1 1
1296 1 8 0
1297 2 1 0
1298 3 7 0
1299 3 6 1
1300 3 8 1
1301 1 2 0
1302 2 2 0
1303 2 3 0
1304 2 2 0
1305 4 4 0
1306 4 3 1
1307 2 3 1
1308 4 6 0
1309 4 7 1
1310 4 7 1
1311 1 5 0
1312 1 6 1
1313 2 3 0
1314 4 6 1
1315 4 5 1
1316 2 6 1
1317 3 2 0
1318 3 4 1
1319 4 5 1
1320 1 7 0
1321 3 6 0
1322 4 4 1
1323 4 4 0
1324 3 7 1
1325 1 4 1
1326 1 8 1
1327 2 5 0
1328 1 6 1
1329 1 4 0
1330 2 2 1
1331 3 5 0
1332 1 3 0
1333 4 6 0
1334 3 8 0
1335 3 1 1
1336 2 5 1
1337 4 2 1
1338 1 5 1
1339 1 6 0
1340 1 2 1
1341 1 8 0
1342 3 6 0
1343 2 4 1
1344 4 2 0
1345 3 1 1
1346 1 8 0
1347 3 2 0
1348 4 8 1
1349 3 4 1
1350 1 3 0
1351 2 4 0
1352 2 4 1
1353 1 3 0
1354 1 5 0
1355 4 2 1
1356 4 3 1
1357 3 1 0
1358 3 7 0
1359 1 3 0
1360 1 4 1
1361 4 2 0
1362 1 4 0
1363 3 3 0
1364 4 5 0
1365 4 5 1
1366 4 2 1
1367 4 2 1
1368 1 3 1
1369 4 4 1
1370 2 7 1
1371 2 2 1
1372 3 6 0
1373 3 3 0
1374 3 6 0
1375 2 6 0
1376 3 6 0
1377 4 8 0
1378 4 8 0
1379 2 7 1
1380 2 2 1
1381 2 4 0
1382 1 6 0
1383 2 6 0
1384 4 6 1
1385 2 6 1
1386 4 1 0
1387 1 2 1
1388 3 1 0
1389 3 4 0
1390 3 8 1
1391 4 1 1
1392 3 8 0
1393 1 4 1
1394 2 2 1
1395 4 7 1
1396 4 5 0
1397 3 7 0
1398 3 4 1
1399 3 7 1
1400 3 6 0
1401 1 4 1
1402 4 6 1
1403 4 2 0
1404 2 7 0
1405 3 4 0
1406 2 3 0
1407 2 1 0
1408 4 4 0
1409 3 3 1
1410 1 5 0
1411 4 1 1
1412 3 1 0
1413 3 4 1
1414 4 1 1
1415 1 6 0
1416 1 7 1
1417 2 7 1
1418 3 4 0
1419 4 8 1
1420 1 1 1
1421 4 4 0
1422 3 6 1
1423 4 7 0
1424 4 6 0
1425 4 8 0
1426 3 6 1
1427 4 6 1
1428 1 2 1
1429 2 4 1
1430 1 4 0
1431 1 8 1
1432 4 5 0
1433 4 3 1
1434 3 5 1
1435 3 1 0
1436 2 6 1
1437 3 5 1
1438 1 6 1
1439 2 8 0
1440 4 1 1
1441 2 8 0
1442 3 1 1
1443 4 5 0
1444 3 7 1
1445 3 7 0
1446 1 2 1
1447 4 7 0
1448 1 5 1
1449 2 7 1
1450 3 5 0
1451 2 7 1
1452 1 7 0
1453 2 5 0
1454 4 5 1
1455 3 8 1
1456 1 2 1
1457 3 1 1
1458 1 1 0
1459 4 2 1
1460 3 3 0
1461 3 2 0
1462 4 6 0
1463 3 3 1
1464 4 6 1
1465 1 7 0
1466 2 3 0
1467 4 8 0
1468 1 2 0
1469 3 3 0
1470 2 6 1
1471 1 1 1
1472 3 8 1
1473 2 3 0
1474 1 2 1
1475 3 5 1
1476 4 8 0
1477 2 3 0
1478 2 6 1
1479 3 6 0
1480 1 8 1
1481 3 3 0
1482 1 2 1
1483 3 5 1
1484 1 3 1
1485 3 2 1
1486 4 2 0
1487 4 3 0
1488 4 2 0
1489 2 7 1
1490 3 7 1
1491 3 8 0
1492 1 7 1
1493 4 4 0
1494 2 6 1
1495 4 5 0
1496 2 8 1
1497 4 2 1
1498 1 8 0
1499 4 5 1
1500 1 8 0
1501 4 1 1
1502 1 2 1
1503 2 8 1
1504 2 3 0
1505 4 2 0
1506 3 6 1
1507 1 4 1
1508 4 5 0
1509 4 3 0
1510 4 8 0
1511 2 5 1
1512 4 1 1
1513 4 3 1
1514 2 1 1
1515 3 3 0
1516 2 5 0
1517 3 6 0
1518 1 8 1
1519 2 5 1
1520 1 4 0
1521 3 8 1
1522 2 8 1
1523 3 4 0
1524 3 4 0
1525 1 8 1
1526 4 6 0
1527 4 3 0
1528 2 2 1
1529 4 7 0
1530 1 6 1
1531 2 6 0
1532 1 2 0
1533 2 3 1
1534 3 1 0
1535 4 5 1
1536 4 2 0
1537 1 3 0
1538 1 5 0
1539 4 7 1
1540 3 4 1
1541 2 3 1
1542 4 6 1
1543 4 6 0
1544 2 8 1
1545 3 3 0
1546 1 5 1
1547 1 6 1
1548 4 1 1
1549 2 5 1
1550 3 2 0
1551 2 1 1
1552 2 3 0
1553 2 6 1
1554 2 5 1
1555 2 8 0
1556 2 5 1
1557 4 6 1
1558 2 1 0
1559 3 1 1
1560 3 6 0
1561 4 4 0
1562 4 8 1
1563 3 7 0
1564 2 2 1
1565 3 5 1
1566 1 5 1
1567 2 4 1
1568 1 6 0
1569 3 8 1
1570 2 3 1
1571 1 8 1
1572 3 4 1
1573 3 8 0
1574 1 4 0
1575 4 6 0
1576 2 4 0
1577 1 8 0
1578 3 8 0
1579 3 7 0
1580 2 2 0
1581 2 5 1
1582 2 4 1
1583 3 7 1
1584 2 5 1
1585 2 6 1
1586 2 4 0
1587 2 7 1
1588 3 8 1
1589 1 3 0
1590 2 3 0
1591 4 6 0
1592 3 7 1
1593 1 1 0
1594 1 8 0
1595 3 2 1
1596 3 6 0
1597 2 4 1
1598 2 3 0
1599 3 1 1
1600 4 7 1
1601 3 3 0
1602 2 7 1
1603 1 8 0
1604 4 1 0
1605 1 6 0
1606 3 7 0
1607 2 7 1
1608 3 5 1
1609 1 4 1
1610 3 4 0
1611 4 3 1
1612 1 7 1
1613 2 7 0
1614 1 4 1
1615 2 6 0
1616 4 6 1
1617 2 8 0
1618 2 3 1
1619 4 5 0
1620 4 1 0
1621 4 2 1
1622 4 4 0
1623 1 2 0
1624 1 3 1
1625 2 8 0
1626 1 3 1
1627 2 5 0
1628 1 1 1
1629 3 4 0
1630 3 7 0
1631 3 3 0
1632 4 5 1
1633 3 7 0
1634 3 2 0
1635 4 5 0
1636 4 8 1
1637 4 4 0
1638 4 8 1
1639 2 4 0
1640 4 1 0
1641 3 2 1
1642 1 2 0
1643 1 7 1
1644 1 4 0
1645 2 3 0
1646 4 7 1
1647 1 5 0
1648 1 1 0
1649 4 8 0
1650 2 2 0
1651 4 1 0
1652 4 6 0
1653 3 4 0
1654 4 6 1
1655 1 7 0
1656 3 4 0
1657 2 6 0
1658 1 4 0
1659 4 7 1
1660 4 2 1
1661 4 8 0
1662 4 1 1
1663 3 7 1
1664 3 5 0
1665 4 1 0
1666 3 2 1
1667 1 4 0
1668 1 1 0
1669 3 8 0
1670 2 7 0
1671 2 4 0
1672 4 5 1
1673 2 7 1
1674 2 2 1
1675 1 5 1
1676 3 1 1
1677 3 1 1
1678 2 3 1
1679 2 7 1
1680 4 3 0
1681 4 5 0
1682 4 3 1
1683 1 4 0
1684 4 3 1
1685 1 5 1
1686 4 8 0
1687 1 2 0
1688 1 8 1
1689 3 3 0
1690 4 2 1
1691 3 3 0
1692 4 3 0
1693 4 2 0
1694 3 5 1
1695 3 3 0
1696 2 1 0
1697 1 3 0
1698 4 3 1
1699 2 2 0
1700 3 2 1
1701 4 3 0
1702 3 3 1
1703 4 2 1
1704 3 3 1
1705 1 6 1
1706 1 8 1
1707 2 5 1
1708 1 6 1
1709 2 1 1
1710 4 1 0
1711 3 1 1
1712 2 5 0
1713 3 5 0
1714 1 6 1
1715 4 2 1
1716 4 7 1
1717 3 3 1
1718 1 1 1
1719 1 2 0
1720 1 5 0
1721 1 3 0
1722 4 3 1
1723 4 2 1
1724 1 1 1
1725 2 1 0
1726 1 7 0
1727 1 3 0
1728 2 6 1
1729 4 7 0
1730 1 6 1
1731 1 5 1
1732 1 3 0
1733 1 2 0
1734 2 1 1
1735 1 5 1
1736 1 4 1
1737 3 4 0
1738 3 1 1
1739 1 7 0
1740 1 4 1
1741 1 6 0
1742 1 2 0
1743 2 2 0
1744 4 1 1
1745 2 7 0
1746 3 8 0
1747 1 3 1
1748 2 4 0
1749 1 6 1
1750 1 4 0
1751 1 5 0
1752 1 5 0
1753 3 2 0
1754 1 1 1
1755 2 6 0
1756 3 5 1
1757 3 7 1
1758 3 8 1
1759 4 5 1
1760 4 8 1
1761 3 4 0
1762 4 7 1
1763 3 7 0
1764 3 7 1
1765 4 4 1
1766 4 7 1
1767 2 1 0
1768 3 2 0
1769 4 8 1
1770 1 4 1
1771 1 1 1
1772 1 4 0
1773 2 4 0
1774 3 2 0
1775 4 8 0
1776 2 6 1
1777 2 3 1
1778 3 2 1
1779 2 2 0
1780 2 6 0
1781 3 6 1
1782 2 8 0
1783 3 2 0
1784 2 7 1
1785 4 2 0
1786 3 8 0
1787 3 2 1
1788 3 8 1
1789 4 8 0
1790 2 6 0
1791 1 6 1
1792 2 5 0
1793 2 8 1
1794 4 4 1
1795 2 5 1
1796 4 3 1
1797 3 1 1
1798 4 5 1
1799 1 6 0
1800 1 4 0
1801 2 7 0
1802 2 1 1
1803 2 4 0
1804 3 6 0
1805 4 6 1
1806 4 8 1
1807 2 5 0
1808 2 3 1
1809 3 7 0
1810 3 2 0
1811 2 4 1
1812 4 3 1
1813 1 8 0
1814 4 7 1
1815 2 8 1
1816 2 3 0
1817 2 2 0
1818 1 2 1
1819 1 7 1
1820 4 5 0
1821 3 8 0
1822 3 3 1
1823 2 5 1
1824 3 3 1
1825 2 1 1
1826 1 3 1
1827 4 2 0
1828 1 3 0
1829 4 8 0
1830 3 6 0
1831 3 7 0
1832 1 7 0
1833 1 1 0
1834 2 5 0
1835 4 3 0
1836 2 4 0
1837 1 2 1
1838 2 8 1
1839 3 1 1
1840 4 7 0
1841 2 6 1
1842 2 6 0
1843 4 1 0
1844 3 5 0
1845 4 6 0
1846 3 6 1
1847 2 2 1
1848 3 8 1
1849 2 8 0
1850 3 3 1
1851 2 2 0
1852 2 8 0
1853 3 6 1
1854 2 8 1
1855 1 5 0
1856 2 7 1
1857 4 1 1
1858 2 3 1
1859 2 4 1
1860 3 7 0
1861 1 8 1
1862 3 2 0
1863 3 4 0
1864 2 8 1
1865 3 7 0
1866 1 4 0
1867 2 3 0
1868 2 8 1
1869 3 8 0
1870 1 1 0
1871 4 7 0
1872 4 5 0
1873 4 3 1
1874 2 7 1
1875 3 2 1
1876 3 8 1
1877 2 7 1
1878 2 4 0
1879 4 3 1
1880 2 3 0
1881 1 1 0
1882 1 5 0
1883 1 1 1
1884 1 8 0
1885 4 3 0
1886 1 8 1
1887 2 8 0
1888 1 7 0
1889 2 5 0
1890 2 2 1
1891 2 4 0
1892 1 1 1
1893 2 7 1
1894 3 1 0
1895 4 1 0
1896 4 6 1
1897 2 5 0
1898 3 4 0
1899 4 8 0
1900 1 7 0
1901 1 7 0
1902 3 3 0
1903 1 4 1
1904 3 3 0
1905 2 6 1
1906 1 1 0
1907 1 5 0
1908 3 5 1
1909 1 8 1
1910 2 6 0
1911 4 5 1
1912 2 3 1
1913 1 1 0
1914 4 4 1
1915 2 2 1
1916 3 3 1
1917 3 2 0
1918 3 3 1
1919 3 8 0
1920 4 2 0
1921 3 8 1
1922 2 3 1
1923 2 6 1
1924 2 1 0
1925 2 2 1
1926 4 8 1
1927 2 6 1
1928 4 5 1
1929 3 8 0
1930 1 5 1
1931 1 6 1
1932 3 2 1
1933 2 7 0
1934 1 6 1
1935 4 4 1
1936 1 5 1
1937 3 2 0
1938 1 7 0
1939 4 2 1
1940 2 8 1
1941 3 3 1
1942 2 8 0
1943 1 3 1
1944 2 7 1
1945 2 7 1
1946 3 2 0
1947 3 7 1
1948 3 2 0
1949 4 3 0
1950 3 1 1
1951 1 5 1
1952 3 8 0
1953 2 8 0
1954 2 3 0
1955 2 7 1
1956 4 8 0
1957 2 2 1
1958 3 4 1
1959 3 2 1
1960 1 2 0
1961 3 6 1
1962 2 5 1
1963 2 5 0
1964 2 4 1
1965 1 4 0
1966 2 4 1
1967 1 1 0
1968 4 7 0
1969 1 7 1
1970 3 4 1
1971 1 8 1
1972 3 5 1
1973 4 6 0
1974 3 6 0
1975 2 5 0
1976 4 8 1
1977 2 7 1
1978 3 5 1
1979 4 5 1
1980 3 4 1
1981 1 5 0
1982 2 3 0
1983 2 3 1
1984 4 8 1
1985 4 2 1
1986 2 7 0
1987 2 8 1
1988 1 3 0
1989 2 6 1
1990 4 1 0
1991 2 3 0
1992 2 5 1
1993 2 4 1
1994 4 1 1
1995 1 8 1
1996 2 7 0
1997 4 4 1
1998 1 7 0
1999 3 1 1
2000 1 5 1
2001 3 3 1
2002 2 5 1
2003 4 4 1
2004 4 8 0
2005 3 8 0
2006 3 1 1
2007 4 4 0
2008 3 3 0
2009 4 3 1
2010 4 6 1
2011 2 4 0
2012 2 5 1
2013 2 7 0
2014 1 8 0
2015 3 5 1
2016 2 6 1
2017 2 6 1
2018 3 4 1
2019 2 7 0
2020 1 4 0
2021 3 8 1
2022 3 5 0
2023 3 1 0
2024 3 5 1
2025 4 1 1
2026 3 6 1
2027 4 6 1
2028 4 2 0
2029 4 5 1
2030 2 3 0
2031 1 7 1
2032 3 2 0
2033 2 5 1
2034 4 6 1
2035 4 2 0
2036 1 4 0
2037 2 5 0
2038 4 5 0
2039 3 8 0
2040 4 5 1
2041 2 3 1
2042 3 7 0
2043 2 3 0
2044 2 8 0
2045 4 2 0
2046 4 1 0
2047 4 3 0
2048 4 1 1
2049 3 1 0
2050 2 3 1
2051 4 4 1
2052 1 7 0
2053 2 2 1
2054 3 3 0
2055 2 1 1
2056 3 7 1
2057 2 2 1
2058 4 4 0
2059 4 4 0
2060 1 6 1
2061 1 2 0
2062 4 1 1
2063 3 6 0
2064 2 5 0
2065 4 8 0
2066 4 6 0
2067 2 2 0
2068 4 3 0
2069 1 6 0
2070 4 8 1
2071 3 2 1
2072 3 1 1
2073 1 6 0
2074 3 7 1
2075 4 3 1
2076 1 4 0
2077 3 4 0
2078 1 5 1
2079 4 7 0
2080 2 1 1
2081 2 2 1
2082 2 6 0
2083 2 6 0
2084 1 7 0
2085 3 4 1
2086 2 8 0
2087 3 8 1
2088 2 4 0
2089 1 4 0
2090 3 6 1
2091 4 5 1
2092 2 2 0
2093 4 5 0
2094 2 3 0
2095 3 3 1
2096 3 5 0
2097 1 5 1
2098 3 1 1
2099 4 4 0
2100 3 1 1
2101 4 1 0
2102 1 8 0
2103 2 7 1
2104 2 7 0
2105 4 8 1
2106 3 3 1
2107 2 7 1
2108 1 7 0
2109 1 2 0
2110 1 7 1
2111 1 6 0
2112 1 2 0
2113 4 4 1
2114 3 4 0
2115 1 4 1
2116 1 7 0
2117 3 3 1
2118 3 8 1
2119 3 6 0
2120 2 6 1
2121 1 3 0
2122 4 3 0
2123 2 8 1
2124 3 8 1
2125 1 3 0
2126 1 1 0
2127 2 4 1
2128 1 4 0
2129 1 2 0
2130 2 6 1
2131 3 5 1
2132 1 6 0
2133 3 4 1
2134 1 4 1
2135 2 2 1
2136 4 6 0
2137 4 8 1
2138 1 1 1
2139 3 5 0
2140 4 1 1
2141 3 1 1
2142 4 2 1
2143 4 7 1
2144 1 5 0
2145 2 5 1
2146 2 8 0
2147 2 7 1
2148 1 4 1
2149 3 1 1
2150 3 5 0
2151 1 2 0
2152 1 3 0
2153 1 3 0
2154 4 3 0
2155 4 5 0
2156 4 7 1
2157 3 4 0
2158 2 3 0
2159 3 5 0
2160 2 3 0
2161 3 1 1
2162 3 7 0
2163 4 1 0
2164 2 3 0
2165 1 5 0
2166 3 8 0
2167 1 5 1
2168 4 1 0
2169 3 7 0
2170 4 6 1
2171 3 1 1
2172 3 5 1
2173 4 5 1
2174 4 6 1
2175 3 1 1
2176 2 6 0
2177 4 8 0
2178 1 6 1
2179 3 2 0
2180 4 5 0
2181 1 1 0
2182 1 4 1
2183 4 1 0
2184 3 8 0
2185 3 7 0
2186 2 7 0
2187 3 7 0
2188 2 2 0
2189 1 5 0
2190 4 7 1
2191 1 2 0
2192 2 2 1
2193 1 8 1
2194 1 1 1
2195 4 7 1
2196 2 1 1
2197 1 1 0
2198 3 3 1
2199 1 7 0
2200 4 5 1
2201 1 2 1
2202 4 7 0
2203 1 7 1
2204 2 5 0
2205 2 4 1
2206 1 4 0
2207 1 4 0
2208 2 2 0
2209 4 5 1
2210 2 4 0
2211 2 5 0
2212 4 6 1
2213 1 7 1
2214 4 8 1
2215 3 1 0
2216 2 5 0
2217 2 5 1
2218 1 6 1
2219 2 8 1
2220 3 5 1
2221 2 7 0
2222 1 6 1
2223 4 7 1
2224 3 3 1
2225 4 4 1
2226 4 7 1
2227 3 7 0
2228 3 5 1
2229 3 8 0
2230 1 2 0
2231 3 1 1
2232 1 3 1
2233 3 1 1
2234 2 5 1
2235 3 5 1
2236 1 2 1
2237 3 8 1
2238 4 1 0
2239 4 4 0
2240 2 3 1
2241 3 2 0
2242 3 1 1
2243 4 6 0
2244 3 1 0
2245 4 2 1
2246 4 5 0
2247 4 1 0
2248 4 1 0
2249 3 5 0
2250 2 7 1
2251 3 3 0
2252 2 2 0
2253 3 3 1
2254 1 5 1
2255 4 8 0
2256 2 5 0
2257 1 8 1
2258 4 2 1
2259 4 3 0
2260 2 6 0
2261 3 5 1
2262 1 6 0
2263 4 8 1
2264 1 6 0
2265 3 2 1
2266 4 1 1
2267 2 2 1
2268 1 5 0
2269 4 7 0
2270 4 4 0
2271 2 5 0
2272 1 1 0
2273 2 8 0
2274 1 7 0
2275 1 3 1
2276 2 2 1
2277 3 3 1
2278 3 8 0
2279 1 7 1
2280 4 4 1
2281 3 2 0
2282 1 4 0
2283 2 4 1
2284 3 5 0
2285 3 7 1
2286 1 1 0
2287 2 4 1
2288 2 4 1
2289 1 1 0
2290 2 1 1
2291 2 6 0
2292 1 1 0
2293 4 8 1
2294 4 8 1
2295 1 4 1
2296 4 2 1
2297 4 1 0
2298 4 7 1
2299 2 4 1
2300 4 7 1
2301 1 8 1
2302 1 8 1
2303 3 2 0
2304 3 4 1
2305 4 2 0
2306 4 2 1
2307 3 1 0
2308 3 2 0
2309 3 4 0
2310 2 3 0
2311 1 2 1
2312 4 1 1
2313 1 2 1
2314 4 2 0
2315 2 8 1
2316 2 6 1
2317 3 8 1
2318 1 3 1
2319 3 8 1
2320 2 1 0
2321 2 4 0
2322 4 5 0
2323 1 7 0
2324 1 4 1
2325 2 7 1
2326 1 7 0
2327 3 5 0
2328 2 3 0
2329 4 4 0
2330 1 6 1
2331 4 8 1
2332 3 7 1
2333 4 5 0
2334 3 3 1
2335 3 8 0
2336 3 6 1
2337 3 7 1
2338 3 8 0
2339 1 6 0
2340 3 7 1
2341 1 6 1
2342 3 3 0
2343 4 4 1
2344 3 1 1
2345 2 3 1
2346 4 8 1
2347 3 8 0
2348 3 7 0
2349 4 7 0
2350 3 8 1
2351 3 5 1
2352 2 8 1
2353 3 3 0
2354 4 5 1
2355 2 3 1
2356 4 3 0
2357 3 7 1
2358 1 3 0
2359 2 6 1
2360 3 7 0
2361 4 5 0
2362 3 2 1
2363 2 1 1
2364 3 1 0
2365 4 6 1
2366 1 8 0
2367 2 5 0
2368 2 3 0
2369 1 3 0
2370 2 5 0
2371 4 5 0
2372 3 7 1
2373 3 2 0
2374 1 7 0
2375 2 7 1
2376 3 7 1
2377 2 4 1
2378 2 2 0
2379 3 5 1
2380 2 8 0
2381 3 4 1
2382 4 5 0
2383 2 1 0
2384 4 1 0
2385 3 7 0
2386 3 4 0
2387 2 3 0
2388 4 8 0
2389 3 5 0
2390 1 6 1
2391 2 6 0
2392 1 7 0
2393 1 6 0
2394 2 6 1
2395 1 5 1
2396 3 8 1
2397 2 4 0
2398 4 1 0
2399 4 8 0
2400 4 5 1
2401 1 8 1
2402 2 7 0
2403 3 3 0
2404 2 6 0
2405 1 8 0
2406 3 1 0
2407 4 6 0
2408 2 4 0
2409 2 8 1
2410 4 6 1
2411 2 6 1
2412 3 6 1
2413 4 6 0
2414 3 3 1
2415 4 8 1
2416 2 3 1
2417 3 4 1
2418 2 3 0
2419 2 2 1
2420 1 5 1
2421 3 1 0
2422 4 4 1
2423 3 5 0
2424 3 4 0
2425 1 3 0
2426 1 2 0
2427 1 6 0
2428 4 3 0
2429 3 8 0
2430 2 2 1
2431 1 6 0
2432 3 2 0
2433 3 1 1
2434 3 8 0
2435 2 3 0
2436 2 5 0
2437 2 4 0
2438 1 2 1
2439 4 7 0
2440 1 3 0
2441 4 5 0
2442 2 2 1
2443 4 6 0
2444 2 4 1
2445 3 2 1
2446 2 8 0
2447 4 8 0
2448 1 5 0
2449 2 4 1
2450 3 4 1
2451 3 8 1
2452 4 6 1
2453 2 3 1
2454 1 8 1
2455 4 6 1
2456 1 7 1
2457 3 2 1
2458 4 6 0
2459 1 3 1
2460 4 6 0
2461 2 6 0
2462 1 1 1
2463 2 4 0
2464 3 4 0
2465 3 1 0
2466 1 2 0
2467 4 4 0
2468 3 5 1
2469 3 7 0
2470 2 7 0
2471 3 5 0
2472 1 3 0
2473 3 7 0
2474 2 4 0
2475 1 3 0
2476 4 8 0
2477 1 3 1
2478 3 1 1
2479 2 8 1
2480 3 3 0
2481 3 3 0
2482 3 4 0
2483 4 1 0
2484 1 1 0
2485 2 2 0
2486 1 6 1
2487 1 5 0
2488 4 6 0
2489 3 8 0
2490 3 1 1
2491 2 8 0
2492 3 6 0
2493 4 2 0
2494 4 6 1
2495 2 5 0
2496 4 5 1
2497 4 8 1
2498 1 5 1
2499 4 3 1
2500 2 4 0
2501 2 8 0
2502 2 8 1
2503 4 2 1
2504 2 4 1
2505 4 1 1
2506 4 2 1
2507 1 6 1
2508 4 6 0
2509 4 1 1
2510 2 2 1
2511 1 6 0
2512 4 7 1
2513 2 5 0
2514 2 4 1
2515 3 6 0
2516 4 3 0
2517 1 3 1
2518 4 4 0
2519 2 5 1
2520 1 3 0
2521 3 6 0
2522 2 2 0
2523 3 3 0
2524 1 8 1
2525 2 5 0
2526 3 4 1
2527 4 1 1
2528 4 5 1
2529 4 3 0
2530 1 6 1
2531 3 4 1
2532 3 8 1
2533 3 2 1
2534 1 7 0
2535 1 1 0
2536 1 4 0
2537 3 2 0
2538 3 8 0
2539 4 4 1
2540 2 5 0
2541 4 7 0
2542 4 7 0
2543 1 4 1
2544 2 3 1
2545 4 5 1
2546 2 8 1
2547 1 7 0
2548 2 4 1
2549 3 5 0
2550 3 3 0
2551 4 7 1
2552 4 6 1
2553 4 6 1
2554 4 8 0
2555 1 1 0
2556 2 4 0
2557 3 2 0
2558 4 3 1
2559 1 1 0
2560 2 5 1
2561 3 8 1
2562 1 3 0
2563 3 4 0
2564 1 8 0
2565 3 8 0
2566 3 1 0
2567 1 7 0
2568 1 5 0
2569 4 1 1
2570 2 4 0
2571 3 8 0
2572 1 4 1
2573 4 7 0
2574 3 8 1
2575 4 5 0
2576 3 8 0
2577 1 1 0
2578 1 8 1
2579 4 4 1
2580 1 1 0
2581 2 2 0
2582 2 5 1
2583 3 4 0
2584 3 4 1
2585 4 5 0
2586 2 8 0
2587 2 8 0
2588 4 2 0
2589 3 1 0
2590 2 4 1
2591 4 1 0
2592 1 8 0
2593 2 2 1
2594 2 1 0
2595 3 3 1
2596 4 3 1
2597 2 4 1
2598 2 5 0
2599 1 5 0
2600 1 6 0
2601 2 7 0
2602 1 4 0
2603 2 2 0
2604 1 7 1
2605 4 2 1
2606 4 2 1
2607 4 4 0
2608 3 5 1
2609 4 7 1
2610 1 5 0
2611 4 3 0
2612 2 4 0
2613 1 8 0
2614 2 7 0
2615 4 2 0
2616 2 4 1
2617 2 8 1
2618 3 5 1
2619 2 8 0
2620 3 4 0
2621 3 6 0
2622 4 5 1
2623 2 1 0
2624 1 4 1
2625 2 4 0
2626 2 4 1
2627 3 3 0
2628 1 8 0
2629 3 2 0
2630 4 3 0
2631 3 5 1
2632 1 1 0
2633 1 1 1
2634 4 7 0
2635 1 5 1
2636 3 3 1
2637 3 3 1
2638 2 4 1
2639 1 1 0
2640 3 5 0
2641 4 5 0
2642 2 1 0
2643 3 5 0
2644 3 5 1
2645 4 8 0
2646 4 8 1
2647 4 1 1
2648 2 3 0
2649 2 1 1
2650 1 7 0
2651 3 7 0
2652 2 6 0
2653 1 7 1
2654 1 1 1
2655 4 6 0
2656 3 4 1
2657 3 2 0
2658 2 5 1
2659 1 5 0
2660 2 2 1
2661 3 1 1
2662 4 1 1
2663 4 6 0
2664 4 5 0
2665 1 1 1
2666 2 6 0
2667 3 6 0
2668 3 6 1
2669 3 8 1
2670 2 7 0
2671 1 8 0
2672 2 4 1
2673 2 1 1
2674 2 7 0
2675 2 3 0
2676 2 8 0
2677 2 5 1
2678 2 1 1
2679 1 3 1
2680 3 1 0
2681 3 4 1
2682 2 8 1
2683 2 7 1
2684 2 4 0
2685 1 3 0
2686 2 1 0
2687 4 2 0
2688 2 1 1
2689 4 7 0
2690 2 8 1
2691 3 7 0
2692 4 5 0
2693 2 7 0
2694 3 6 0
2695 1 4 0
2696 1 2 0
2697 2 4 1
2698 1 8 1
2699 2 4 1
2700 2 3 0
2701 3 8 0
2702 1 5 0
2703 2 8 0
2704 4 8 1
2705 3 5 0
2706 3 1 1
2707 3 2 1
2708 2 5 1
2709 1 6 1
2710 1 4 1
2711 1 7 1
2712 4 6 0
2713 3 6 0
2714 1 3 1
2715 3 5 0
2716 1 4 0
2717 3 5 0
2718 3 4 0
2719 4 4 1
2720 3 2 1
2721 2 2 1
2722 3 8 1
2723 2 5 1
2724 2 7 1
2725 3 8 0
2726 1 5 0
2727 3 4 0
2728 4 7 0
2729 2 5 1
2730 1 7 1
2731 1 8 0
2732 2 5 0
2733 3 7 1
2734 4 3 0
2735 2 7 0
2736 1 8 1
2737 1 3 1
2738 3 4 1
2739 3 4 0
2740 4 6 1
2741 3 6 0
2742 1 3 0
2743 3 4 1
2744 4 2 1
2745 1 2 0
2746 3 5 0
2747 3 6 0
2748 2 6 1
2749 4 1 1
2750 3 7 0
2751 1 1 0
2752 2 2 0
2753 3 6 1
2754 2 4 0
2755 2 4 1
2756 2 4 1
2757 1 7 1
2758 3 6 1
2759 2 3 1
2760 3 6 0
2761 1 1 0
2762 3 4 1
2763 4 5 1
2764 1 3 0
2765 3 2 1
2766 1 3 1
2767 4 7 0
2768 3 5 0
2769 1 1 1
2770 4 6 1
2771 2 8 1
2772 4 7 0
2773 3 7 1
2774 3 7 0
2775 4 5 1
2776 1 5 0
2777 1 3 0
2778 3 7 0
2779 1 8 0
2780 4 8 0
2781 4 7 0
2782 3 8 0
2783 2 8 0
2784 2 8 0
2785 1 5 1
2786 1 5 0
2787 1 3 0
2788 4 8 1
2789 4 6 0
2790 2 6 0
2791 3 1 0
2792 4 6 0
2793 2 5 0
2794 3 7 1
2795 1 8 1
2796 2 5 1
2797 2 6 0
2798 3 4 0
2799 3 5 0
2800 3 6 0
2801 2 4 0
2802 3 5 1
2803 1 6 1
2804 1 6 1
2805 1 6 0
2806 4 4 0
2807 4 7 0
2808 1 6 1
2809 3 4 1
2810 3 6 1
2811 4 1 0
2812 3 2 0
2813 2 7 1
2814 2 6 1
2815 1 1 1
2816 1 3 0
2817 2 1 0
2818 3 1 0
2819 3 2 1
2820 2 1 0
2821 1 4 0
2822 4 6 0
2823 2 7 1
2824 3 1 1
2825 4 2 0
2826 1 4 1
2827 3 5 0
2828 3 3 0
2829 2 1 0
2830 3 4 0
2831 3 4 1
2832 1 5 1
2833 4 7 1
2834 3 2 1
2835 2 2 0
2836 3 1 0
2837 2 6 1
2838 1 1 0
2839 1 6 0
2840 1 8 1
2841 1 2 0
2842 4 2 1
2843 4 6 1
2844 3 8 1
2845 2 6 1
2846 3 5 1
2847 4 6 1
2848 3 3 0
2849 2 7 0
2850 4 7 0
2851 2 8 1
2852 2 3 0
2853 3 3 0
2854 1 1 1
2855 1 3 0
2856 2 5 0
2857 3 3 0
2858 1 4 0
2859 4 7 1
2860 4 1 0
2861 2 2 0
2862 1 4 0
2863 3 8 0
2864 4 2 1
2865 1 4 0
2866 4 5 0
2867 4 2 1
2868 3 5 1
2869 4 8 1
2870 2 5 0
2871 2 1 0
2872 1 3 1
2873 4 6 0
2874 4 2 0
2875 1 7 0
2876 4 7 1
2877 1 2 0
2878 2 5 1
2879 3 4 0
2880 3 2 1
2881 1 8 0
2882 1 6 0
2883 2 8 1
2884 1 6 1
2885 4 4 0
2886 4 5 0
2887 1 6 0
2888 2 1 0
2889 2 8 0
2890 4 8 0
2891 4 4 1
2892 4 2 1
2893 1 2 0
2894 4 2 0
2895 4 1 0
2896 3 2 1
2897 3 3 0
2898 1 1 1
2899 4 8 0
2900 2 6 1
2901 1 7 0
2902 2 2 1
2903 4 2 1
2904 4 7 1
2905 1 7 1
2906 2 1 0
2907 3 5 0
2908 2 4 1
2909 1 1 1
2910 4 5 1
2911 3 5 1
2912 4 6 0
2913 1 4 1
2914 3 2 0
2915 4 4 0
2916 3 7 1
2917 1 2 0
2918 2 2 1
2919 1 4 0
2920 2 3 0
2921 2 8 1
2922 3 5 1
2923 3 5 0
2924 1 1 1
2925 3 6 1
2926 3 4 1
2927 1 4 1
2928 2 1 1
2929 2 5 1
2930 4 6 0
2931 3 4 0
2932 3 8 1
2933 3 8 0
2934 1 7 1
2935 3 6 1
2936 3 7 1
2937 2 6 1
2938 4 7 0
2939 1 3 1
2940 1 3 1
2941 1 5 1
2942 2 5 0
2943 4 3 0
2944 2 7 1
2945 2 2 0
2946 2 8 0
2947 4 4 0
2948 2 4 1
2949 1 5 1
2950 4 5 0
2951 1 4 0
2952 1 1 1
2953 2 7 1
2954 4 2 0
2955 2 1 1
2956 2 6 1
2957 2 4 1
2958 1 5 1
2959 4 2 0
2960 2 8 1
2961 2 7 1
2962 2 1 1
2963 3 7 1
2964 1 6 1
2965 1 2 1
2966 3 2 0
2967 1 3 1
2968 3 4 0
2969 2 4 1
2970 3 3 1
2971 3 2 0
2972 2 3 0
2973 2 1 1
2974 2 3 0
2975 2 6 0
2976 4 6 1
2977 2 7 0
2978 3 8 0
2979 4 5 1
2980 1 5 0
2981 4 5 1
2982 4 6 0
2983 3 4 0
2984 3 7 1
2985 1 7 0
2986 4 5 0
2987 1 4 0
2988 1 2 1
2989 2 4 1
2990 4 5 0
2991 2 4 0
2992 4 4 0
2993 3 1 1
2994 3 2 1
2995 4 7 1
2996 2 7 1
2997 2 4 0
2998 4 1 0
2999 1 3 0
3000 1 6 0
3001 4 2 0
3002 2 7 0
3003 3 6 0
3004 4 7 1
3005 1 8 1
3006 3 5 1
3007 4 4 0
3008 2 5 0
3009 4 1 0
3010 2 4 1
3011 2 7 1
3012 4 7 1
3013 1 2 1
3014 3 7 0
3015 2 7 0
3016 3 2 0
3017 2 5 0
3018 3 1 1
3019 2 8 1
3020 3 4 0
3021 2 3 1
3022 2 5 0
3023 2 2 0
3024 2 4 0
3025 4 3 1
3026 3 2 1
3027 4 8 1
3028 3 5 1
3029 1 5 0
3030 4 2 0
3031 1 1 0
3032 3 7 1
3033 4 5 1
3034 3 7 0
3035 1 1 1
3036 4 1 1
3037 1 7 1
3038 3 3 0
3039 3 2 1
3040 4 3 1
3041 4 2 1
3042 3 6 0
3043 4 2 1
3044 4 8 1
3045 1 1 1
3046 3 5 0
3047 2 7 0
3048 2 2 1
3049 2 4 0
3050 3 2 1
3051 1 7 0
3052 3 3 0
3053 4 8 1
3054 2 2 0
3055 1 2 0
3056 4 3 0
3057 3 8 1
3058 4 8 1
3059 3 7 1
3060 4 5 0
3061 1 7 0
3062 3 8 0
3063 2 7 1
3064 4 7 0
3065 1 6 0
3066 4 4 0
3067 4 8 1
3068 1 7 1
3069 1 7 0
3070 2 5 0
3071 4 6 0
3072 3 3 1
3073 3 1 0
3074 4 6 1
3075 4 4 0
3076 3 4 0
3077 1 4 0
3078 3 4 0
3079 1 7 0
3080 1 6 0
3081 3 7 1
3082 1 8 0
3083 2 7 0
3084 2 7 1
3085 1 6 1
3086 2 1 0
3087 3 7 1
3088 4 7 1
3089 1 8 0
3090 3 3 0
3091 1 8 1
3092 1 3 1
3093 2 2 1
3094 1 4 0
3095 3 7 0
3096 1 1 1
3097 4 5 1
3098 1 2 0
3099 3 2 0
3100 4 7 0
3101 2 8 1
3102 2 1 0
3103 4 3 1
3104 3 7 1
3105 4 6 0
3106 2 8 1
3107 2 4 0
3108 2 4 0
3109 1 6 1
3110 2 6 1
3111 3 1 0
3112 3 8 1
3113 2 7 0
3114 2 4 0
3115 4 8 0
3116 1 6 0
3117 1 1 1
3118 4 3 1
3119 4 6 0
3120 4 3 0
3121 4 4 1
3122 3 6 0
3123 2 6 0
3124 3 5 1
3125 4 6 1
3126 4 6 0
3127 4 5 0
3128 2 3 0
3129 4 8 0
3130 2 4 0
3131 3 4 0
3132 3 3 0
3133 1 7 1
3134 1 1 0
3135 2 8 0
3136 2 6 1
3137 4 3 1
3138 2 6 1
3139 3 1 0
3140 2 2 0
3141 2 8 0
3142 2 8 1
3143 1 2 0
3144 3 7 0
3145 3 8 1
3146 3 4 0
3147 2 1 0
3148 3 7 0
3149 4 7 1
3150 4 3 1
3151 2 5 0
3152 4 4 0
3153 4 5 0
3154 4 3 1
3155 4 7 1
3156 1 4 1
3157 4 2 1
3158 3 7 1
3159 3 4 0
3160 4 7 0
3161 3 3 0
3162 4 8 0
3163 2 4 0
3164 1 4 1
3165 4 3 0
3166 3 8 0
3167 4 6 1
3168 2 3 1
3169 2 3 1
3170 4 2 1
3171 3 2 0
3172 3 5 1
3173 2 3 0
3174 1 4 1
3175 1 8 1
3176 4 4 1
3177 4 6 1
3178 1 6 1
3179 4 8 1
3180 2 2 0
3181 2 1 0
3182 2 1 1
3183 4 4 1
3184 4 3 0
3185 3 5 1
3186 2 5 0
3187 2 6 0
3188 4 6 0
3189 1 3 0
3190 1 8 1
3191 4 3 1
3192 1 6 0
3193 4 3 0
3194 2 6 1
3195 3 2 1
3196 2 2 1
3197 2 7 1
3198 2 5 1
3199 3 6 1
3200 3 2 1
3201 2 5 0
3202 4 1 0
3203 3 1 0
3204 2 3 0
3205 3 3 0
3206 2 7 0
3207 2 1 0
3208 1 8 0
3209 4 6 1
3210 1 5 1
3211 3 4 1
3212 1 5 1
3213 1 4 1
3214 1 8 1
3215 3 3 0
3216 4 5 1
3217 3 6 1
3218 3 6 0
3219 2 3 1
3220 3 3 1
3221 3 2 1
3222 4 4 1
3223 2 4 1
3224 3 8 0
3225 3 4 1
3226 1 2 1
3227 2 1 1
3228 4 5 0
3229 2 1 1
3230 3 1 0
3231 3 5 0
3232 2 4 1
3233 4 4 0
3234 4 1 0
3235 3 6 1
3236 3 6 1
3237 2 6 0
3238 2 3 1
3239 3 7 0
3240 3 8 1
3241 1 2 0
3242 3 8 1
3243 4 5 1
3244 1 8 0
3245 1 2 0
3246 3 1 0
3247 1 5 0
3248 4 4 0
3249 1 3 1
3250 2 5 0
3251 4 6 1
3252 2 3 0
3253 2 7 0
3254 1 5 1
3255 2 4 0
3256 2 7 1
3257 4 8 0
3258 4 5 1
3259 4 2 1
3260 2 8 0
3261 2 5 0
3262 4 2 0
3263 4 6 0
3264 3 2 1
3265 4 1 1
3266 1 1 1
3267 1 2 1
3268 2 8 0
3269 3 8 1
3270 4 2 0
3271 2 1 1
3272 2 6 1
3273 2 1 1
3274 1 8 1
3275 3 1 0
3276 4 5 1
3277 2 4 0
3278 4 4 1
3279 2 3 0
3280 2 8 0
3281 1 2 0
3282 1 6 1
3283 2 8 0
3284 1 6 0
3285 3 6 0
3286 3 3 0
3287 4 6 1
3288 1 5 1
3289 3 6 0
3290 3 2 1
3291 2 2 1
3292 4 1 0
3293 2 3 0
3294 4 5 0
3295 3 5 0
3296 3 3 1
3297 1 8 1
3298 4 5 1
3299 2 8 1
3300 1 1 1
3301 4 7 0
3302 3 7 1
3303 1 7 1
3304 2 7 0
3305 3 3 1
3306 3 8 1
3307 4 2 1
3308 4 4 1
3309 4 1 0
3310 4 8 1
3311 1 1 1
3312 1 6 1
3313 2 8 0
3314 2 7 0
3315 1 1 0
3316 2 5 1
3317 2 7 1
3318 4 3 0
3319 3 2 1
3320 4 4 0
3321 2 4 0
3322 3 3 1
3323 4 7 1
3324 1 8 0
3325 3 3 1
3326 4 3 1
3327 2 1 1
3328 3 5 1
3329 3 8 1
3330 3 6 1
3331 3 6 0
3332 4 4 0
3333 1 7 0
3334 2 8 0
3335 4 3 0
3336 1 4 0
3337 1 7 1
3338 3 6 1
3339 2 6 0
3340 4 4 1
3341 2 3 0
3342 3 3 1
3343 2 3 0
3344 1 8 1
3345 1 2 1
3346 3 2 1
3347 1 4 0
3348 2 1 0
3349 1 8 0
3350 2 4 0
3351 3 8 1
3352 1 2 0
3353 1 7 1
3354 2 3 0
3355 3 4 1
3356 4 8 0
3357 3 4 1
3358 1 5 0
3359 3 3 1
3360 2 5 0
3361 1 6 0
3362 4 5 0
3363 3 5 0
3364 1 6 1
3365 4 2 1
3366 3 4 1
3367 1 3 1
3368 2 4 0
3369 4 6 0
3370 4 6 1
3371 3 1 1
3372 4 6 1
3373 1 6 1
3374 1 5 1
3375 1 2 1
3376 1 1 0
3377 2 1 0
3378 1 2 0
3379 4 3 1
3380 3 8 0
3381 3 3 1
3382 2 8 1
3383 4 4 0
3384 3 1 0
3385 4 2 1
3386 2 7 0
3387 4 1 1
3388 4 6 1
3389 4 3 1
3390 2 5 1
3391 2 1 0
3392 3 4 1
3393 4 7 0
3394 3 7 0
3395 4 4 0
3396 2 4 0
3397 1 3 1
3398 3 5 0
3399 1 4 1
3400 4 4 0
3401 1 6 1
3402 3 6 0
3403 3 5 0
3404 1 1 1
3405 4 7 1
3406 1 5 0
3407 4 7 1
3408 3 6 1
3409 2 3 0
3410 1 6 1
3411 1 4 1
3412 2 4 1
3413 2 7 0
3414 2 2 0
3415 1 7 0
3416 2 1 0
3417 1 4 1
3418 4 6 0
3419 1 6 0
3420 3 5 1
3421 1 6 0
3422 2 3 0
3423 1 2 0
3424 4 8 0
3425 2 6 1
3426 4 6 1
3427 2 8 0
3428 2 7 1
3429 2 5 0
3430 4 4 0
3431 1 7 0
3432 4 5 1
3433 2 4 1
3434 3 2 0
3435 4 6 1
3436 4 1 1
3437 3 7 0
3438 4 4 1
3439 2 5 0
3440 3 4 1
3441 2 8 1
3442 3 1 1
3443 4 7 0
3444 1 6 0
3445 4 2 1
3446 3 7 0
3447 3 4 0
3448 2 7 0
3449 3 3 1
3450 3 8 1
3451 4 4 1
3452 4 5 1
3453 1 5 1
3454 1 5 0
3455 4 7 1
3456 2 1 1
3457 4 3 1
3458 1 2 1
3459 1 7 1
3460 1 7 0
3461 3 5 0
3462 4 2 0
3463 3 6 1
3464 3 2 0
3465 3 1 0
3466 3 4 1
3467 3 2 1
3468 4 1 1
3469 2 5 0
3470 2 6 0
3471 2 1 0
3472 4 4 1
3473 1 8 0
3474 4 5 1
3475 4 4 1
3476 4 4 1
3477 1 3 0
3478 3 1 0
3479 2 4 0
3480 3 1 0
3481 2 6 1
3482 1 6 1
3483 3 4 1
3484 1 3 1
3485 3 7 0
3486 2 6 1
3487 2 8 1
3488 2 8 0
3489 1 6 0
3490 1 8 1
3491 2 7 1
3492 2 3 1
3493 1 2 0
3494 2 7 0
3495 2 5 1
3496 3 1 0
3497 1 4 0
3498 1 2 1
3499 3 4 0
3500 1 5 0
3501 1 6 0
3502 3 2 0
3503 3 4 0
3504 4 8 0
3505 4 8 1
3506 2 7 1
3507 3 1 0
3508 2 6 1
3509 4 6 0
3510 3 4 1
3511 2 2 0
3512 4 7 1
3513 4 2 1
3514 1 6 0
3515 2 7 0
3516 4 3 0
3517 4 3 1
3518 1 6 0
3519 4 8 1
3520 4 7 1
3521 1 2 0
3522 2 4 1
3523 3 3 0
3524 2 6 0
3525 2 2 0
3526 2 3 0
3527 2 8 1
3528 3 3 1
3529 4 1 0
3530 2 8 0
3531 4 6 0
3532 3 2 1
3533 2 6 1
3534 4 4 0
3535 1 8 1
3536 2 8 0
3537 2 2 0
3538 4 3 1
3539 3 2 0
3540 4 1 0
3541 1 1 1
3542 4 4 1
3543 1 4 0
3544 1 8 1
3545 1 3 1
3546 2 7 1
3547 3 3 1
3548 3 5 0
3549 1 2 1
3550 3 5 1
3551 2 8 1
3552 1 3 1
3553 3 7 0
3554 1 6 1
3555 2 8 0
3556 3 5 1
3557 2 7 1
3558 3 8 0
3559 4 6 1
3560 1 5 0
3561 2 1 1
3562 1 4 1
3563 2 8 1
3564 2 8 1
3565 2 5 1
3566 1 5 0
3567 3 1 1
3568 3 3 1
3569 4 4 1
3570 2 1 1
3571 1 7 0
3572 3 6 0
3573 4 4 1
3574 4 8 1
3575 1 3 1
3576 4 4 1
3577 2 5 1
3578 2 6 0
3579 2 8 0
3580 4 8 0
3581 3 4 1
3582 4 1 1
3583 3 1 0
3584 2 7 0
3585 1 1 0
3586 1 4 0
3587 3 8 0
3588 4 7 1
3589 2 3 1
3590 4 2 0
3591 3 2 0
3592 4 8 0
3593 1 1 0
3594 2 7 0
3595 3 7 0
3596 4 3 0
3597 4 8 1
3598 1 4 0
3599 2 7 1
3600 3 3 1
3601 3 3 1
3602 1 4 0
3603 1 4 0
3604 1 1 1
3605 1 4 1
3606 1 4 1
3607 3 4 0
3608 4 7 1
3609 2 5 0
3610 4 5 0
3611 4 2 1
3612 2 6 1
3613 4 7 1
3614 4 1 0
3615 3 5 1
3616 4 3 1
3617 4 4 1
3618 2 4 0
3619 2 1 0
3620 3 4 1
3621 1 3 0
3622 4 2 0
3623 2 4 1
3624 1 3 1
3625 4 2 1
3626 3 5 0
3627 3 3 1
3628 1 4 1
3629 2 6 1
3630 4 7 1
3631 3 1 1
3632 4 5 0
3633 4 2 1
3634 2 5 0
3635 4 3 1
3636 4 6 0
3637 3 7 1
3638 2 5 1
3639 3 7 0
3640 1 4 0
3641 3 7 0
3642 2 7 0
3643 1 7 0
3644 1 4 0
3645 1 8 1
3646 4 3 0
3647 2 8 1
3648 1 4 0
3649 2 4 1
3650 2 5 0
3651 2 4 1
3652 3 5 1
3653 4 2 0
3654 2 3 1
3655 2 2 1
3656 4 5 0
3657 1 3 0
3658 2 7 0
3659 1 8 1
3660 2 6 1
3661 3 3 0
3662 4 7 1
3663 1 1 0
3664 4 1 1
3665 4 6 0
3666 2 8 0
3667 3 2 0
3668 4 3 1
3669 1 8 1
3670 4 4 0
3671 3 5 1
3672 4 7 1
3673 2 5 0
3674 3 7 1
3675 1 2 1
3676 1 3 0
3677 3 8 1
3678 4 7 0
3679 4 3 0
3680 1 4 0
3681 3 2 0
3682 4 7 0
3683 2 2 0
3684 2 2 1
3685 3 7 1
3686 1 3 0
3687 3 4 1
3688 4 8 1
3689 3 7 0
3690 3 6 0
3691 4 8 1
3692 4 1 1
3693 4 2 0
3694 1 8 0
3695 3 4 0
3696 1 5 1
3697 2 5 0
3698 2 4 1
3699 2 5 1
3700 3 4 0
3701 1 6 1
3702 4 4 1
3703 3 7 0
3704 1 3 0
3705 2 7 0
3706 2 1 0
3707 4 3 0
3708 4 7 0
3709 4 5 0
3710 2 6 0
3711 3 2 0
3712 4 1 1
3713 2 3 1
3714 1 6 1
3715 3 7 1
3716 1 8 0
3717 4 5 0
3718 2 4 1
3719 4 7 1
3720 3 1 0
3721 2 4 0
3722 2 7 1
3723 3 1 1
3724 4 2 0
3725 3 4 0
3726 3 2 1
3727 1 4 0
3728 2 2 1
3729 1 5 0
3730 1 4 1
3731 4 8 1
3732 1 8 0
3733 3 4 0
3734 2 4 0
3735 4 1 0
3736 1 6 0
3737 2 1 1
3738 1 1 0
3739 1 3 0
3740 1 8 0
3741 2 8 1
3742 1 5 1
3743 3 7 0
3744 2 8 1
3745 1 4 1
3746 4 7 1
3747 4 2 0
3748 4 8 0
3749 4 2 1
3750 4 4 1
3751 3 3 1
3752 4 1 0
3753 2 1 0
3754 4 3 0
3755 2 1 1
3756 2 8 0
3757 4 8 1
3758 4 1 1
3759 3 6 0
3760 2 4 1
3761 2 1 1
3762 1 1 0
3763 2 3 0
3764 3 7 1
3765 3 6 0
3766 1 1 1
3767 1 3 1
3768 4 5 1
3769 2 7 0
3770 4 5 1
3771 1 4 0
3772 4 5 1
3773 3 8 0
3774 1 1 0
3775 1 1 0
3776 3 6 1
3777 2 5 0
3778 4 8 1
3779 4 6 0
3780 3 5 1
3781 4 5 0
3782 1 5 0
3783 2 1 0
3784 4 7 1
3785 2 2 1
3786 4 5 1
3787 3 1 0
3788 4 7 0
3789 3 8 0
3790 2 3 1
3791 3 6 1
3792 1 1 0
3793 2 6 0
3794 1 4 1
3795 2 6 1
3796 3 5 1
3797 2 2 0
3798 4 3 0
3799 4 5 1
3800 2 3 1
3801 4 4 1
3802 2 8 0
3803 4 7 1
3804 3 1 0
3805 3 7 0
3806 2 7 1
3807 4 1 1
3808 4 3 1
3809 4 1 0
3810 1 4 0
3811 1 5 0
3812 4 7 1
3813 1 7 0
3814 1 3 0
3815 3 3 1
3816 3 2 0
3817 1 3 1
3818 1 6 0
3819 2 1 0
3820 1 1 0
3821 3 3 1
3822 3 8 1
3823 1 5 0
3824 1 8 1
3825 4 3 1
3826 1 7 0
3827 2 7 0
3828 4 4 0
3829 2 8 0
3830 2 6 0
3831 1 1 1
3832 3 8 1
3833 4 2 1
3834 3 2 0
3835 2 8 1
3836 1 6 0
3837 2 5 1
3838 1 1 0
3839 1 5 0
3840 2 2 1
3841 3 4 0
3842 2 8 0
3843 3 2 0
3844 2 3 1
3845 4 2 0
3846 4 1 0
3847 3 1 1
3848 3 6 0
3849 4 1 0
3850 4 1 0
3851 1 4 1
3852 3 3 0
3853 1 8 0
3854 4 7 0
3855 1 4 1
3856 3 3 0
3857 3 4 0
3858 1 7 1
3859 3 1 1
3860 1 8 1
3861 3 1 1
3862 2 3 1
3863 2 2 0
3864 4 1 0
3865 2 1 1
3866 2 6 1
3867 1 4 0
3868 4 1 1
3869 3 7 0
3870 3 5 1
3871 4 1 0
3872 4 5 1
3873 2 8 0
3874 2 1 1
3875 3 2 1
3876 2 5 1
3877 1 1 1
3878 1 2 0
3879 4 4 1
3880 1 3 0
3881 3 4 0
3882 3 1 0
3883 1 7 0
3884 3 1 0
3885 1 3 0
3886 2 4 1
3887 2 8 0
3888 2 2 1
3889 2 6 0
3890 2 6 0
3891 2 4 0
3892 4 2 1
3893 3 5 0
3894 4 4 0
3895 1 7 0
3896 1 8 1
3897 1 7 0
3898 1 2 0
3899 3 3 0
3900 2 3 1
3901 2 4 1
3902 1 6 1
3903 3 3 1
3904 4 1 1
3905 1 1 1
3906 3 6 1
3907 1 1 1
3908 4 2 0
3909 3 6 1
3910 1 7 0
3911 4 8 0
3912 2 7 1
3913 4 6 1
3914 3 7 0
3915 4 8 1
3916 1 2 1
3917 4 7 0
3918 3 1 0
3919 1 5 0
3920 1 6 0
3921 4 5 0
3922 3 5 1
3923 1 7 0
3924 3 4 1
3925 1 1 1
3926 3 4 0
3927 3 2 1
3928 1 5 0
3929 3 8 1
3930 3 8 1
3931 3 3 1
3932 3 5 0
3933 1 4 0
3934 3 4 1
3935 4 6 1
3936 3 7 1
3937 4 8 0
3938 1 2 0
3939 3 3 0
3940 4 8 0
3941 4 8 0
3942 3 4 1
3943 2 1 0
3944 4 6 0
3945 4 4 0
3946 1 4 0
3947 2 7 0
3948 3 7 1
3949 3 4 0
3950 3 6 1
3951 3 8 0
3952 4 6 1
3953 1 4 0
3954 2 8 1
3955 2 7 0
3956 1 1 1
3957 1 4 0
3958 3 2 0
3959 2 2 0
3960 3 1 0
3961 4 5 0
3962 2 3 1
3963 3 2 1
3964 4 5 1
3965 2 2 0
3966 1 2 1
3967 3 6 1
3968 1 2 0
3969 4 5 1
3970 2 5 1
3971 4 5 1
3972 3 5 1
3973 3 5 0
3974 2 3 0
3975 4 7 0
3976 1 6 0
3977 4 6 0
3978 4 8 1
3979 1 6 0
3980 2 1 0
3981 4 4 1
3982 2 7 1
3983 4 1 0
3984 4 5 0
3985 1 6 0
3986 1 5 0
3987 1 8 1
3988 1 2 1
3989 3 3 1
3990 1 5 0
3991 2 7 0
3992 3 7 1
3993 4 6 1
3994 1 6 1
3995 3 3 1
3996 2 5 0
3997 3 1 1
3998 4 2 1
3999 1 7 1
4000 3 2 0
4001 4 2 0
4002 3 4 0
4003 2 5 1
4004 3 5 1
4005 4 7 1
4006 1 2 1
4007 4 7 0
4008 1 1 1
4009 1 7 1
4010 1 7 1
4011 3 6 0
4012 4 1 1
4013 1 3 1
4014 4 8 0
4015 2 3 0
4016 2 2 1
4017 1 2 1
4018 4 1 0
4019 1 3 0
4020 2 1 0
4021 3 3 1
4022 3 4 1
4023 3 6 1
4024 3 6 0
4025 3 8 0
4026 2 6 0
4027 1 7 0
4028 1 4 1
4029 2 4 0
4030 4 6 1
4031 2 8 1
4032 3 5 0
4033 1 7 1
4034 4 6 0
4035 2 1 0
4036 1 2 0
4037 2 4 1
4038 1 7 0
4039 4 2 1
4040 2 7 0
4041 4 5 1
4042 4 4 1
4043 2 2 0
4044 4 6 1
4045 3 7 0
4046 4 5 1
4047 1 2 0
4048 1 2 0
4049 2 5 1
4050 3 6 1
4051 3 5 1
4052 2 2 0
4053 4 8 0
4054 3 8 0
4055 2 7 0
4056 1 5 0
4057 3 4 0
4058 3 6 1
4059 3 7 1
4060 1 6 1
4061 4 3 1
4062 2 2 0
4063 3 1 0
4064 1 8 0
4065 3 6 0
4066 2 4 0
4067 2 3 1
4068 1 3 0
4069 4 2 0
4070 3 5 0
4071 2 4 1
4072 4 5 1
4073 1 7 0
4074 3 5 0
4075 1 8 1
4076 1 7 0
4077 4 7 1
4078 1 4 0
4079 2 2 1
4080 4 7 1
4081 1 4 0
4082 4 5 0
4083 4 5 1
4084 2 1 1
4085 4 1 0
4086 1 3 0
4087 3 3 1
4088 3 3 1
4089 1 8 0
4090 1 5 1
4091 2 8 1
4092 2 6 1
4093 3 2 1
4094 4 8 1
4095 1 3 1
4096 2 2 0
4097 2 2 1
4098 1 5 1
4099 2 6 1
4100 2 3 0
4101 2 1 1
4102 3 6 0
4103 2 8 1
4104 3 8 0
4105 3 8 0
4106 4 3 1
4107 3 8 1
4108 1 7 0
4109 1 8 1
4110 3 7 0
4111 2 7 0
4112 4 6 0
4113 2 5 1
4114 3 6 1
4115 4 4 1
4116 2 6 0
4117 1 1 1
4118 3 4 1
4119 3 2 0
4120 2 4 1
4121 3 3 1
4122 4 7 1
4123 2 8 1
4124 2 7 1
4125 3 6 0
4126 3 6 1
4127 4 8 0
4128 3 8 1
4129 2 3 0
4130 2 1 0
4131 1 1 1
4132 4 4 0
4133 2 7 1
4134 2 4 1
4135 4 4 0
4136 1 3 1
4137 4 6 1
4138 3 1 0
4139 2 2 0
4140 2 8 1
4141 2 8 1
4142 4 2 1
4143 3 6 1
4144 4 6 1
4145 1 5 1
4146 3 5 1
4147 3 6 0
4148 4 3 1
4149 1 5 1
4150 2 8 0
4151 3 4 1
4152 4 4 1
4153 2 2 1
4154 2 2 0
4155 2 2 1
4156 1 5 1
4157 1 6 0
4158 4 6 1
4159 2 8 0
4160 2 8 1
4161 3 4 0
4162 4 2 0
4163 3 5 1
4164 3 2 1
4165 1 7 0
4166 3 7 1
4167 2 5 0
4168 1 8 0
4169 4 5 0
4170 4 4 1
4171 4 7 0
4172 2 8 1
4173 4 3 0
4174 2 8 1
4175 1 5 0
4176 1 1 0
4177 1 5 0
4178 3 6 1
4179 2 6 0
4180 1 4 0
4181 3 8 0
4182 4 6 0
4183 1 5 1
4184 3 3 1
4185 4 2 1
4186 2 6 1
4187 4 4 1
4188 4 3 0
4189 2 6 1
4190 2 2 0
4191 4 2 1
4192 3 6 1
4193 2 2 1
4194 2 6 1
4195 3 1 0
4196 4 6 1
4197 2 1 1
4198 4 2 0
4199 2 7 1
4200 2 8 0
4201 2 6 1
4202 4 8 1
4203 4 7 0
4204 3 6 0
4205 2 8 0
4206 4 2 1
4207 2 5 1
4208 2 4 1
4209 4 1 1
4210 2 5 1
4211 4 7 1
4212 2 7 1
4213 4 4 1
4214 2 5 0
4215 4 6 0
4216 2 5 0
4217 1 2 1
4218 1 3 1
4219 2 4 0
4220 1 7 1
4221 2 7 1
4222 3 1 0
4223 1 6 1
4224 3 8 1
4225 3 7 0
4226 4 8 0
4227 2 3 1
4228 4 3 0
4229 2 1 0
4230 3 5 1
4231 3 5 1
4232 3 2 1
4233 2 4 1
4234 4 4 0
4235 3 2 1
4236 3 5 0
4237 1 4 1
4238 3 6 1
4239 1 4 0
4240 1 1 1
4241 4 3 0
4242 3 3 0
4243 4 3 1
4244 3 6 0
4245 1 2 1
4246 1 2 0
4247 2 1 0
4248 1 2 0
4249 2 5 1
4250 1 4 0
4251 3 7 1
4252 1 8 0
4253 4 8 1
4254 3 4 1
4255 2 1 0
4256 3 6 1
4257 4 8 1
4258 2 1 0
4259 3 6 1
4260 3 8 0
4261 2 2 0
4262 4 1 1
4263 1 5 0
4264 1 3 0
4265 1 7 1
4266 1 6 1
4267 1 1 1
4268 2 2 0
4269 3 7 0
4270 1 1 1
4271 1 3 1
4272 3 1 0
4273 4 4 0
4274 3 6 0
4275 1 3 0
4276 3 6 0
4277 1 3 1
4278 2 2 0
4279 2 7 1
4280 1 8 1
4281 2 8 0
4282 4 4 1
4283 4 3 1
4284 4 3 0
4285 4 6 1
4286 2 4 0
4287 3 8 0
4288 1 8 0
4289 4 1 1
4290 3 1 1
4291 1 3 0
4292 3 5 1
4293 1 4 0
4294 4 6 1
4295 1 1 0
4296 4 2 0
4297 4 3 1
4298 2 3 0
4299 3 8 1
4300 4 5 1
4301 1 4 0
4302 4 1 1
4303 2 7 1
4304 1 2 0
4305 3 5 0
4306 2 1 1
4307 3 6 0
4308 1 5 0
4309 1 1 1
4310 3 1 1
4311 2 3 0
4312 3 8 1
4313 3 5 1
4314 3 5 0
4315 2 2 1
4316 4 6 0
4317 2 7 1
4318 4 5 0
4319 1 8 0
4320 2 6 0
4321 2 1 0
4322 2 1 0
4323 3 5 1
4324 2 5 1
4325 4 7 1
4326 1 5 0
4327 2 4 0
4328 4 6 1
4329 4 7 1
4330 4 5 1
4331 4 7 1
4332 1 4 1
4333 2 6 1
4334 1 2 0
4335 4 3 0
4336 3 3 1
4337 4 5 0
4338 4 3 1
4339 1 7 0
4340 1 6 1
4341 2 3 0
4342 1 3 0
4343 1 6 0
4344 3 2 0
4345 2 8 1
4346 2 5 0
4347 2 4 1
4348 1 2 1
4349 3 3 1
4350 2 3 1
4351 2 8 1
4352 3 1 0
4353 1 6 1
4354 2 5 0
4355 1 2 0
4356 4 1 0
4357 1 6 1
4358 1 8 0
4359 4 1 1
4360 3 4 1
4361 1 7 0
4362 2 1 1
4363 2 8 0
4364 2 8 0
4365 1 5 0
4366 1 8 0
4367 4 2 0
4368 1 3 1
4369 4 7 1
4370 1 4 0
4371 2 5 0
4372 4 6 0
4373 1 3 0
4374 4 2 1
4375 3 5 0
4376 1 2 0
4377 1 5 0
4378 3 6 1
4379 2 7 1
4380 3 4 1
4381 2 3 0
4382 3 6 0
4383 4 7 1
4384 2 6 0
4385 1 5 0
4386 2 4 0
4387 1 4 1
4388 3 1 0
4389 1 6 0
4390 3 8 1
4391 3 2 1
4392 2 3 1
4393 1 7 1
4394 2 5 1
4395 3 3 0
4396 1 8 1
4397 4 1 1
4398 2 2 0
4399 3 7 0
4400 1 1 0
4401 3 1 0
4402 2 4 0
4403 3 4 1
4404 1 1 1
4405 3 7 0
4406 1 8 0
4407 1 8 1
4408 2 6 0
4409 3 1 1
4410 3 6 0
4411 2 6 1
4412 1 5 1
4413 1 8 1
4414 4 7 1
4415 1 3 0
4416 3 5 1
4417 4 5 0
4418 4 2 0
4419 1 1 0
4420 3 4 1
4421 4 6 0
4422 1 1 1
4423 1 5 1
4424 1 3 0
4425 3 4 0
4426 2 7 1
4427 3 1 0
4428 2 2 1
4429 1 8 0
4430 3 2 0
4431 3 1 0
4432 4 4 0
4433 3 8 1
4434 2 2 1
4435 4 6 0
4436 3 6 1
4437 3 1 0
4438 4 8 1
4439 1 2 0
4440 2 7 1
4441 4 2 0
4442 2 1 0
4443 1 1 0
4444 2 4 0
4445 3 2 1
4446 4 6 0
4447 1 1 1
4448 1 7 0
4449 4 5 0
4450 1 3 1
4451 4 2 0
4452 3 2 1
4453 1 5 0
4454 1 4 0
4455 3 3 0
4456 1 7 1
4457 2 2 1
4458 2 8 1
4459 2 7 1
4460 2 8 1
4461 4 5 1
4462 1 1 1
4463 1 4 0
4464 4 1 1
4465 1 1 0
4466 2 5 0
4467 3 7 0
4468 4 2 1
4469 3 6 0
4470 3 6 0
4471 1 4 0
4472 1 6 1
4473 3 6 0
4474 2 3 0
4475 2 3 1
4476 2 4 1
4477 3 1 1
4478 4 7 1
4479 3 1 1
4480 3 2 1
4481 3 5 0
4482 2 7 1
4483 3 6 0
4484 3 8 1
4485 3 7 1
4486 1 4 0
4487 4 2 0
4488 1 2 1
4489 2 3 0
4490 4 4 1
4491 4 7 0
4492 3 3 1
4493 3 6 0
4494 3 4 0
4495 3 4 1
4496 4 2 1
4497 1 6 0
4498 1 2 1
4499 2 4 1
4500 3 3 1
4501 3 2 0
4502 3 7 0
4503 1 2 1
4504 1 5 0
4505 4 7 0
4506 2 7 1
4507 4 8 1
4508 3 8 1
4509 3 8 1
4510 1 7 1
4511 2 4 0
4512 3 5 1
4513 2 6 0
4514 3 2 1
4515 4 6 0
4516 4 2 0
4517 1 1 1
4518 2 8 0
4519 1 6 1
4520 1 2 1
4521 1 2 0
4522 1 7 1
4523 2 2 1
4524 3 7 0
4525 3 3 0
4526 2 1 1
4527 1 5 0
4528 3 3 1
4529 1 2 1
4530 1 6 0
4531 3 5 1
4532 1 5 1
4533 2 4 1
4534 1 2 1
4535 2 5 1
4536 1 4 0
4537 2 4 0
4538 2 7 1
4539 2 5 0
4540 4 5 1
4541 4 4 1
4542 4 8 1
4543 1 1 0
4544 2 8 0
4545 4 2 1
4546 2 8 0
4547 2 6 1
4548 2 4 0
4549 2 3 0
4550 2 5 0
4551 1 2 1
4552 1 4 0
4553 4 8 1
4554 3 6 1
4555 3 5 0
4556 2 2 1
4557 3 8 1
4558 3 1 0
4559 4 7 0
4560 3 6 1
4561 3 7 1
4562 1 2 0
4563 1 8 1
4564 2 1 1
4565 3 2 0
4566 4 7 0
4567 4 5 0
4568 1 7 0
4569 3 8 0
4570 4 4 1
4571 4 5 0
4572 1 7 0
4573 3 7 0
4574 3 1 1
4575 4 7 0
4576 1 5 1
4577 2 5 0
4578 1 6 1
4579 1 3 0
4580 4 7 1
4581 3 5 1
4582 4 3 0
4583 3 7 0
4584 1 2 0
4585 4 4 1
4586 4 4 0
4587 1 5 0
4588 4 2 0
4589 4 8 0
4590 3 6 0
4591 2 8 1
4592 1 2 1
4593 4 8 1
4594 2 6 1
4595 1 6 0
4596 1 6 1
4597 1 2 1
4598 3 3 1
4599 3 1 1
4600 1 8 0
4601 3 1 0
4602 1 5 1
4603 1 7 0
4604 4 4 0
4605 3 2 0
4606 3 8 1
4607 4 7 0
4608 4 1 0
4609 2 2 0
4610 1 4 1
4611 4 8 1
4612 1 5 0
4613 2 2 1
4614 2 3 1
4615 4 3 1
4616 4 1 1
4617 3 4 0
4618 1 3 0
4619 3 4 0
4620 4 1 1
4621 4 7 1
4622 1 3 0
4623 4 3 1
4624 3 6 1
4625 3 1 1
4626 3 1 1
4627 1 4 0
4628 1 7 1
4629 1 8 1
4630 3 8 0
4631 3 8 1
4632 4 3 1
4633 3 3 1
4634 4 4 1
4635 4 2 0
4636 2 1 0
4637 4 7 0
4638 2 6 1
4639 1 2 1
4640 4 8 0
4641 3 5 0
4642 4 6 1
4643 3 3 0
4644 2 1 1
4645 2 1 1
4646 2 6 0
4647 3 1 1
4648 4 7 1
4649 2 5 1
4650 3 3 0
4651 2 2 1
4652 4 4 1
4653 4 7 0
4654 3 2 1
4655 2 4 1
4656 2 7 0
4657 2 1 1
4658 3 7 1
4659 2 3 1
4660 4 3 1
4661 1 3 0
4662 4 6 0
4663 1 5 1
4664 1 3 0
4665 2 2 1
4666 3 5 0
4667 3 4 1
4668 3 6 1
4669 3 4 1
4670 4 2 1
4671 1 1 0
4672 3 5 0
4673 2 8 1
4674 2 4 1
4675 4 6 1
4676 3 6 1
4677 2 3 1
4678 3 3 1
4679 2 3 0
4680 2 4 1
4681 3 1 0
4682 3 6 1
4683 4 2 0
4684 1 3 1
4685 3 1 1
4686 2 4 1
4687 4 5 1
4688 3 4 1
4689 1 7 1
4690 3 6 1
4691 4 5 1
4692 3 8 1
4693 1 1 1
4694 2 7 1
4695 4 7 1
4696 3 6 1
4697 3 6 0
4698 2 7 1
4699 3 6 0
4700 4 8 1
4701 3 1 1
4702 3 2 1
4703 1 8 1
4704 4 1 1
4705 2 5 1
4706 4 7 0
4707 1 5 0
4708 1 8 1
4709 1 7 1
4710 4 3 0
4711 3 3 0
4712 2 5 1
4713 3 8 1
4714 3 4 1
4715 4 2 1
4716 3 8 1
4717 2 8 0
4718 2 3 1
4719 3 2 0
4720 1 4 0
4721 2 1 1
4722 3 3 0
4723 3 3 1
4724 1 3 1
4725 3 1 0
4726 1 8 0
4727 3 1 0
4728 2 3 0
4729 3 8 1
4730 2 1 1
4731 2 8 1
4732 2 8 0
4733 2 4 1
4734 2 4 1
4735 3 3 0
4736 1 4 1
4737 1 5 1
4738 2 4 0
4739 1 7 1
4740 1 7 1
4741 1 3 1
4742 3 3 1
4743 4 8 0
4744 3 4 0
4745 4 5 1
4746 4 2 0
4747 4 2 1
4748 3 3 0
4749 2 6 1
4750 1 2 0
4751 2 6 1
4752 4 4 0
4753 2 6 0
4754 1 8 1
4755 2 8 1
4756 1 4 1
4757 1 4 1
4758 2 3 1
4759 3 3 1
4760 2 7 0
4761 2 6 0
4762 2 5 1
4763 3 2 0
4764 2 3 0
4765 4 7 0
4766 2 3 0
4767 2 2 1
4768 1 8 1
4769 2 1 1
4770 2 3 0
4771 3 5 1
4772 4 4 1
4773 2 6 1
4774 4 4 0
4775 4 1 0
4776 1 5 0
4777 2 5 0
4778 1 5 1
4779 2 5 0
4780 1 1 1
4781 3 5 0
4782 3 5 1
4783 2 7 1
4784 1 8 1
4785 4 2 1
4786 2 8 0
4787 1 1 0
4788 1 4 0
4789 4 4 1
4790 2 1 1
4791 2 1 0
4792 1 5 0
4793 3 5 1
4794 2 2 0
4795 3 7 1
4796 2 3 0
4797 3 6 0
4798 2 1 1
4799 2 2 1
4800 2 5 0
4801 1 5 1
4802 2 4 0
4803 3 6 1
4804 2 8 1
4805 1 1 0
4806 3 2 0
4807 2 4 0
4808 3 2 0
4809 3 2 0
4810 2 6 0
4811 4 5 1
4812 4 4 1
4813 4 7 0
4814 4 4 0
4815 2 3 1
4816 1 7 1
4817 4 8 0
4818 3 8 1
4819 2 8 1
4820 4 6 0
4821 2 2 0
4822 1 5 1
4823 1 4 1
4824 4 4 0
4825 2 3 0
4826 4 1 1
4827 1 7 0
4828 4 8 0
4829 1 2 1
4830 2 4 0
4831 3 8 1
4832 3 3 0
4833 1 3 0
4834 4 2 1
4835 2 7 0
4836 1 5 0
4837 3 7 0
4838 1 8 1
4839 3 4 1
4840 4 4 0
4841 3 2 1
4842 2 7 0
4843 4 7 1
4844 3 3 0
4845 1 8 1
4846 4 7 1
4847 1 7 0
4848 1 7 0
4849 1 6 0
4850 1 5 0
4851 4 2 1
4852 1 1 1
4853 1 2 0
4854 2 8 0
4855 2 1 0
4856 2 3 1
4857 1 5 0
4858 2 2 1
4859 2 2 0
4860 3 5 1
4861 3 7 0
4862 4 6 1
4863 3 6 0
4864 3 1 0
4865 3 3 0
4866 1 5 0
4867 1 5 0
4868 4 4 0
4869 1 2 0
4870 3 1 1
4871 4 5 0
4872 3 1 1
4873 1 1 1
4874 4 8 0
4875 1 3 1
4876 3 4 1
4877 1 1 1
4878 1 8 0
4879 2 3 1
4880 1 5 0
4881 3 2 0
4882 4 4 0
4883 1 5 1
4884 3 7 1
4885 2 2 1
4886 3 8 0
4887 1 8 1
4888 4 4 0
4889 1 5 0
4890 3 3 0
4891 3 8 0
4892 3 8 0
4893 1 5 1
4894 2 3 1
4895 3 7 1
4896 4 8 1
4897 2 4 1
4898 3 6 1
4899 4 4 0
4900 2 3 1
4901 1 5 0
4902 1 2 0
4903 4 5 1
4904 1 1 0
4905 3 6 1
4906 3 1 1
4907 2 6 1
4908 3 4 1
4909 4 7 1
4910 2 5 1
4911 1 7 1
4912 2 7 0
4913 4 3 0
4914 3 5 1
4915 4 7 0
4916 1 4 0
4917 4 4 0
4918 2 4 1
4919 1 4 0
4920 2 7 1
4921 3 2 0
4922 3 7 0
4923 1 6 0
4924 3 8 0
4925 1 4 0
4926 3 3 0
4927 2 6 0
4928 4 1 1
4929 4 8 1
4930 3 5 1
4931 4 4 0
4932 3 1 1
4933 2 4 0
4934 4 1 0
4935 2 3 0
4936 3 6 1
4937 4 1 1
4938 1 8 1
4939 2 1 0
4940 2 7 1
4941 4 7 0
4942 4 7 0
4943 4 3 1
4944 4 1 0
4945 4 7 0
4946 1 7 0
4947 1 3 1
4948 1 6 1
4949 4 7 0
4950 4 1 1
4951 2 2 1
4952 2 5 1
4953 4 6 0
4954 3 1 1
4955 2 3 1
4956 4 4 0
4957 3 3 0
4958 1 7 0
4959 4 4 0
4960 3 8 0
4961 1 4 1
4962 3 2 1
4963 4 3 1
4964 4 2 0
4965 2 8 1
4966 1 6 0
4967 3 1 0
4968 3 7 0
4969 1 3 1
4970 3 4 0
4971 3 3 0
4972 1 4 0
4973 4 7 1
4974 3 1 0
4975 4 2 1
4976 1 1 1
4977 3 5 0
4978 3 3 1
4979 4 8 1
4980 2 8 0
4981 3 2 0
4982 1 3 1
4983 1 3 1
4984 2 4 0
4985 4 4 0
4986 2 6 1
4987 3 2 0
4988 1 3 1
4989 2 3 1
4990 2 7 1
4991 2 2 1
4992 3 3 1
4993 1 8 1
4994 4 7 1
4995 2 2 0
4996 2 4 0
4997 4 4 0
4998 3 8 0
4999 1 8 1
5000 4 2 0
